20,108.7
20.290906698750476,108.7
20.586044732869844,108.7
20.885475648548283,108.7
21.189261887185914,108.7
21.49746679841394,108.67563323947961
21.810154653305165,108.6
22.12739065777668,108.6
22.449240966187475,108.6
22.77577269513385,108.6
23.107053937445478,108.56431523523563
23.44315377638505,108.5
23.784142300054445,108.5
24.130090616010463,108.5
24.481070866093134,108.45473225981542
24.837156241469714,108.4
25.1984209978975,108.4
25.56494047120865,108.4
25.936791093020236,108.3658021477342
26.3140504066728,108.3
26.69679708340074,108.3
27.08511093873791,108.23829655943217
27.47907294916184,108.2
27.878765268980047,108.2
28.284271247461966,108.1431457505076
28.695675446220072,108.1
29.11306365684382,108.07738726863123
29.536522918790062,108
29.966141537533712,108
30.402009102982383,107.9993303012382
30.844216508158908,107.9
31.29285596815558,107.9
31.74802103936409,107.85039579212719
32.20980663898519,107.8
32.67830906482211,107.76433818703558
33.153626015361866,107.7
33.63585661014871,107.7
34.125101410453844,107.67497971790924
34.62146244024586,107.6
35.12504320746613,107.57499135850676
35.635948725613716,107.5
36.15428553564419,107.46914289287116
36.68016172818701,107.4
37.21368696608603,107.3572626067828
37.754972507267915,107.3
38.30413122794313,107.27917395441138
38.86127764614443,107.17984039403244
39.4265279456077,107.10918401827905
40.000000000000206,107.09999999999997
40.58181339750116,107.00303077718573
41.1720894657399,107
41.77095129709678,106.90484129995488
42.37852377437204,106.9
42.9949335968281,106.81751079223129
43.62030930661056,106.71328188248883
44.25478131555359,106.7
44.89848193237519,106.61691973433658
45.55154539026795,106.59263638333832
46.21410787489121,106.5
46.88630755277036,106.48767022436105
47.56828460010916,106.39024507106288
48.260181232021196,106.3
48.962141732186545,106.26255137747138
49.674312482939705,106.2
50.39684199579528,106.15039468851894
51.129880942417586,106.0528740755488
51.873582186040764,106
52.628100813345895,105.94648745644109
53.393594166801776,105.9
54.17022187747612,105.847111093059
54.95814589832399,105.73455067945275
55.75753053796041,105.7
56.56854249492426,105.64314575050757
57.39135089244048,105.56086491075595
58.226127313687975,105.4773872686312
59.073045837580466,105.4
59.932283075067765,105.4
60.804018205965114,105.29942582853951
61.68843301631817,105.2
62.58571193631152,105.15178607269365
63.49604207872855,105.05039579212715
64.41961327797075,104.95803867220293
65.35661812964459,104.9
66.3072520307241,104.8692747969276
67.27171322029778,104.77282867797022
68.25020282090806,104.6749797179092
69.2429248804921,104.57570751195078
70.25008641493265,104.5
71.27189745122783,104.47281025487722
72.30857107128878,104.36914289287112
73.36032345637442,104.26396765436256
74.42737393217246,104.15726260678275
75.50994501453623,104.05750447588316
76.60826245588666,103.96859503740478
77.72255529228926,103.9
78.85305589121582,103.8955789146793
80.00000000000082,103.79999999999993
81.16362679500274,103.70303085799358
82.34417893148023,103.61198620837949
83.541902594194,103.51985383155316
84.75704754874454,103.42024608821984
85.98986719365665,103.4
87.24061861322157,103.31995236832364
88.50956263110764,103.19936249125949
89.79696386475084,103.11353574234994
91.10309078053635,103.00807553847748
92.42821574978288,102.90552185265858
93.77261510554118,102.80210675625047
95.13656920021877,102.78861920486311
96.52036246404286,102.67535655963542
97.92428346437356,102.6
99.34862496587989,102.55428138854681
100.79368399159105,102.44708773389394
102.25976188483567,102.34934920767762
103.74716437208203,102.3
105.25620162669229,102.24648745644106
106.78718833360406,102.14752077775972
108.34044375495276,102.04397041633648
109.9162917966485,101.94273169112408
111.51506107592134,101.9
113.13708498984903,101.83682871696053
114.78270178488147,101.71810822986379
116.45225462737648,101.56797667202487
118.14609167516147,101.48876217018925
119.86456615013608,101.35657172427547
121.60803641193078,101.22799735915157
123.3768660326369,101.13443488838385
125.17142387262359,101.08857174182509
126.99208415745765,100.96719438950282
128.83922655594208,100.87602209840166
130.71323625928977,100.82247896402029
132.61450406144883,100.8
134.5434264405962,100.7728286779702
136.50040564181674,100.7
138.48584976098482,100.7
140.50017282986593,100.6666551446756
142.5437949024563,100.53041367316958
144.61714214257822,100.5
146.7206469127495,100.43117412349002
148.8547478643456,100.34581008542618
151.01989002907314,100.25920439883707
153.216524911774,100.14267800705808
155.4451105845792,99.98219557661683
157.70611178243232,99.9
160.00000000000236,99.8999999999999
162.3272535900062,99.80690985639976
164.6883578629612,99.71246568548156
167.08380518838874,99.61664779246445
169.51409509748981,99.5194361961004
171.97973438731407,99.42081062450744
174.4812372264439,99.32075051094225
177.01912526221608,99.21923498951136
179.5939277295025,99.11624289081989
182.20618156107355,99.1
184.85643149956664,99.00574274001734
187.54523021108326,98.89819079155667
190.27313840043846,98.8
193.04072492808663,98.77837100287654
195.84856692874806,98.66605732285008
198.69724993176072,98.6
201.58736798318304,98.54708773389389
204.5195237696723,98.4493492076776
207.49432874416505,98.35018904186117
210.5124032533856,98.3
213.57437666720915,98.22128116663954
216.68088750990657,98.13297781225234
219.83258359329807,98.1
223.03012215184378,98.0242469462039
226.2741699796992,97.92419433401002
229.5654035697641,97.9
232.90450925475412,97.80318302484153
236.2921833503241,97.7
239.72913230027333,97.7
243.21607282386276,97.59459817940342
246.75373206527502,97.50615669836813
250.34284774524843,97.4
253.9841683149166,97.4
257.67845311188546,97.30803867220285
261.42647251858085,97.21433818703548
265.22900812289896,97.19427479692753
269.08685288119375,97.1
273.0008112836349,97.07497971790912
276.97169952197106,97
281.00034565973334,96.97999308680534
285.0875898049141,96.9
289.23428428515797,96.9
293.44129382550057,96.83117412348999
297.7094957286928,96.8
302.0397800581479,96.7490054985463
306.4330498235497,96.7
310.89022116916016,96.60274447077099
315.41222356486645,96.59175552870266
320.00000000000654,96.49999999999987
324.6545071800142,96.40690985639972
329.3767157259242,96.4
334.16761037677935,96.31664779246441
339.02819019498156,96.3
343.95946877463007,96.2208106245074
348.9624744528898,96.2
354.03825052443415,96.11923498951131
359.187855459007,96.1
364.4123631221491,96.01175273755702
369.71286299913527,96
375.0904604221685,95.89870770825475
380.54627680087896,95.82076747427315
386.08144985617537,95.8
391.6971338574982,95.74128582678128
397.3944998635236,95.7
403.1747359663683,95.7
409.0390475393468,95.64934920767755
414.9886574883323,95.6
421.0248065067734,95.55678847847466
427.1487533344206,95.5
433.3617750198154,95.5
439.6651671865984,95.46192618304859
446.06024430368984,95.4
452.54833995940066,95.4
459.13080713953053,95.4
465.8090185095106,95.4
472.58436670065066,95.33450904713357
479.45826460054917,95.3
486.432145647728,95.21135708704544
493.50746413055253,95.2
500.6856954904994,95.19142880636876
507.9683366298358,95.10039579212705
515.3569062237735,95.1
522.8529450371643,95.08933818703544
530.4580162458005,95
538.1737057623901,95
546.0016225672724,95
553.9433990439449,94.97570751195069
562.0006913194694,94.9
570.1751796098309,94.9
578.4685685703187,94.9
586.8825876510039,94.9
595.4189914573883,94.84581008542612
604.0795601162986,94.8
612.8660996471021,94.8
621.780442338323,94.8
630.8244471297356,94.8
640.0000000000159,94.8
649.3090143600314,94.8
658.7534314518515,94.8
668.3352207535618,94.8
678.0563803899662,94.88056380389966
687.9189375492632,94.9
697.9249489057827,94.9
708.0765010488715,94.9
718.3757109180171,94.9
728.8247262443015,94.9
739.425725998274,94.9
750.1809208443404,94.8
761.0925536017613,94.8
772.1628997123541,94.8
783.3942677149998,94.86457129011539
794.7889997270506,94.95657499772543
806.34947193274,95.05291226610616
818.0780950786972,95.14675457752844
829.9773149766683,95.27657407656413
842.0496130135506,95.43374677511292
854.2975066688449,95.5358125555737
866.7235500396347,95.63633500030488
879.3303343732008,95.7
892.1204886073838,95.74746992404923
905.0966799188055,95.84247233265671
918.2616142790653,95.94816626368512
931.6180370190256,96.05090797706943
945.1687334013056,96.15973944501089
958.9165292011028,96.2
972.8642912954606,96.28357147150354
987.0149282611097,96.39242252508546
1001.3713909810035,96.50914260654002
1015.9366732596762,96.60624448839783
1030.7138124475518,96.70509866033966
1045.7058900743334,96.81066181296458
1060.916032491606,96.91221376655476
1076.3474115247852,97.10898274349856
1092.0032451345498,97.21252028209094
1107.8867980878947,97.31347712919924
1124.0013826389438,97.42222990354969
1140.350359219667,97.51958632683056
1156.9371371406426,97.63153244154837
1173.765175302013,97.72206469127516
1190.837982914782,97.84168454967224
1208.1591202326028,97.91542228737573
1225.73219929421,98.05459237423057
1243.5608846766518,98.2
1261.648894259477,98.27765929506317
1280.0000000000375,98.40000000000012
1298.6180287200684,98.45319436777163
1317.5068629037087,98.5
1336.6704415071292,98.58335220753564
1356.112760779938,98.68056380389969
1375.8378750985323,98.77918937549266
1395.8498978115715,98.87924948905786
1416.153002097749,99.00768668065166
1436.7514218360407,99.1337571091802
1457.6494524886093,99.23059780995443
1478.8514519965543,99.31540580798621
1500.3618416886875,99.40144736675475
1522.1851072035295,99.48874042881413
1544.3257994247153,99.57730319769885
1566.788535430007,99.6
1589.5779994541087,99.65831199781644
1612.6989438654878,99.75079577546195
1636.156190157402,99.8
1659.9546299533442,99.83981851981338
1684.099226027109,99.9
1708.5950133376978,99.9
1733.4471000792773,99.9
1758.6606687464096,99.93464267498564
1784.2409772147755,100
1810.193359837619,100
1836.5232285581387,100
1863.2360740380593,100
1890.3374668026197,100
1917.833058402214,100.07133223360886
1945.7285825909298,100.1
1974.0298565222283,100.1
2002.7427819620161,100.2
2031.8733465193618,100.20624448839787
2061.4276248951132,100.3
2091.411780148677,100.30470593382893
2121.832064983222,100.4
2152.694823049581,100.4
2184.0064902691106,100.42003245134556
2215.7735961758003,100.5
2248.002765277899,100.52667588425966
2280.7007184393456,100.6
2313.874274281297,100.6
2347.530350604038,100.6
2381.6759658295764,100.65418991457393
2416.318240465218,100.7
2451.4643985884327,100.75366099647108
2487.1217693533167,100.85707256451106
2523.2977885189675,100.9
2560.0000000000887,100.95000000000023
2597.236057440151,101
2635.0137258074315,101
2673.340883014273,101.05835220753568
2712.225521559891,101.1740850718663
2751.6757501970797,101.2
2791.699795623158,101.35849897811579
2832.3060041955137,101.46461200839103
2873.502843672097,101.5470056873442
2915.2989049772345,101.63059780995447
2957.7029039931244,101.7
3000.723683377391,101.7
3044.370214407075,101.71456738135691
3088.6515988494466,101.8
3133.57707086003,101.8
3179.1559989082334,101.85831199781647
3225.3978877309914,101.95079577546198
3272.3123803148205,102.04462476062965
3319.9092599067053,102.1398185198134
3368.198452054235,102.27279380821695
3417.190026675413,102.43438005335084
3466.8942001585724,102.53378840031715
3517.3213374928373,102.63464267498567
3568.4819544295697,102.73696390885914
3620.386719675257,102.88154687870103
3673.0464571162966,103.04609291423259
3726.472148076138,103.15294429615227
3780.6749336052594,103.2876426674436
3835.6661168044484,103.46266446721779
3891.45716518188,103.68046436943204
3948.059713044477,103.89272392391679
4005.4855639240527,104.11828521308017
4063.746693038744,104.3124889767958
4122.855249790247,104.51427624895123
4182.823560297375,104.80806731513535
4243.664129966465,104.9818975141899
4305.389646099183,105.18463215366394
4368.012980538242,105.29668830089707
4431.5471923516225,105.38792456050233
4496.00553055582,105.49334255092637
4561.401436878714,105.5
4627.748548562617,105.48708575239564
4695.060701208099,105.35696942511973
4763.351931659176,105.18092581191546
4832.63648093046,105.04945407627815
4902.928797176889,104.80591772235175
4974.243538706657,104.52878230646672
5046.595577037959,104.22526658610765
5120.000000000202,103.92857142857056
5194.472114880326,103.54587362925528
5270.027451614888,103.14986274192556
5346.6817660285715,102.82494337739286
5424.451043119808,102.44599403931538
5503.351500394186,102.07135071259634
5583.399591246343,101.76225153282621
5664.612008391055,101.37693995804473
5747.005687344222,101.05898293796734
5830.597809954497,100.77760876018202
5915.405807986278,100.46918838402745
6001.447366754812,100.29638158311296
6088.740428814181,100.0875136731226
6177.303197698925,100
6267.154141720092,100
6358.3119978165005,100
6450.795775462017,100
6544.624760629676,100.04462476062967
6639.818519813445,100.17963703962688
6736.396904108505,100.40919071232551
6834.380053350861,100.73752021340344
6933.788400317181,101.13515360126873
7034.642674985712,101.60785604991428
7136.963908859177,102.25874736201423
7240.773439350552,102.98541407545386
7346.092914232631,103.86092914232631
7452.944296152315,104.92944296152315
7561.349867210557,106.01349867210557
7671.332233608935,107.07383600254401
7782.914330363799,108.02786844098014
7896.119426088994,108.72686571014833
8010.971127848146,108.87257218037963
8127.49338607753,108.54812271177094
8245.710499580537,107.72969654136551
8365.647120594791,106.5435287940521
8487.328259932974,105.23727718405944
8610.77929219841,103.8998910011839
8736.025961076528,102.63974038923472
8863.094384703289,101.50397451217587
8992.011061111683,100.55858555184766
9122.802873757471,99.8870636595809
9255.497097125279,99.28308585499914
9390.121402416245,98.88313099597293
9526.7038633184,98.677746780568
9665.272961860968,98.63482535527767
9805.857594353829,98.78593476054435
9948.487077413367,99.12829025804456
10093.19115407597,99.67276461630388
10240.000000000457,100.38000000000244
10388.944229760706,101.14472114880353
10540.05490322983,101.9628088306678
10693.363532057198,102.5489694188192
10848.902086239672,102.76593472415978
11006.703000788428,102.53324249802894
11166.799182492743,101.71343382683237
11329.224016782166,100.42313319348196
11494.0113746885,98.9548957320221
11661.195619909053,97.28804380090948
11830.811615972614,95.63928632638557
12002.894733509682,94.18319840876424
12177.48085762842,92.86085101693986
12354.606395397908,91.7429127903939
12534.308283440243,90.86276686623903
12716.62399563306,90.17792001455648
12901.591550924093,89.69681689815182
13089.249521259411,89.32150095748118
13279.637039626952,89.16018148018652
13472.793808217073,89.17279380821707
13668.760106701786,89.43752021340357
13867.576800634426,89.90273040190328
14069.285349971487,90.62333163320028
14273.927817718419,91.57832981601929
14481.54687870117,92.42618751480468
14692.18582846533,93.03812031970293
14905.888592304698,93.07528912615624
15122.699734421185,92.90184021246306
15342.664467217943,93.20772365575895
15565.828660727671,94.26864050007497
15792.238852178061,95.45205986784102
16021.942255696367,96.22633070683564
16254.986772155136,96.49800529113794
16491.42099916115,96.40343160033555
16731.294241189662,95.93741151762069
16974.65651986603,94.82164870464307
17221.558584396902,93.01615475858354
17472.051922153143,90.75712231619109
17726.188769406665,88.1476367981707
17984.022122223458,85.27895223109726
18245.605747515034,82.34921562783163
18510.99419425065,79.49005805749351
18780.242804832582,76.82176619554023
19053.40772663689,74.35137509625011
19330.545923722028,72.05563261022378
19611.71518870775,69.94033671678731
19896.974154826825,69
20186.382308152035,69