20,108.6
20.290906698750476,108.6
20.586044732869844,108.6
20.885475648548283,108.50484145048391
21.189261887185914,108.5
21.49746679841394,108.5
21.810154653305165,108.5
22.12739065777668,108.5
22.449240966187475,108.5
22.77577269513385,108.47474268409766
23.107053937445478,108.4
23.44315377638505,108.4
23.784142300054445,108.4
24.130090616010463,108.4
24.481070866093134,108.35473225981542
24.837156241469714,108.3
25.1984209978975,108.3
25.56494047120865,108.3
25.936791093020236,108.2658021477342
26.3140504066728,108.2
26.69679708340074,108.2
27.08511093873791,108.2
27.47907294916184,108.13023183828913
27.878765268980047,108.1
28.284271247461966,108.1
28.695675446220072,108.06086491075598
29.11306365684382,108
29.536522918790062,108
29.966141537533712,108
30.402009102982383,107.9
30.844216508158908,107.9
31.29285596815558,107.9
31.74802103936409,107.85039579212719
32.20980663898519,107.8
32.67830906482211,107.76433818703558
33.153626015361866,107.7
33.63585661014871,107.7
34.125101410453844,107.67497971790924
34.62146244024586,107.6
35.12504320746613,107.6
35.635948725613716,107.57281025487725
36.15428553564419,107.5
36.68016172818701,107.4639676543626
37.21368696608603,107.4
37.754972507267915,107.36357540813972
38.30413122794313,107.3
38.86127764614443,107.27984039403243
39.4265279456077,107.20918401827906
40.000000000000206,107.19999999999997
40.58181339750116,107.10303077718572
41.1720894657399,107.1
41.77095129709678,107.00484129995488
42.37852377437204,107
42.9949335968281,106.9175107922313
43.62030930661056,106.9
44.25478131555359,106.82074578242694
44.89848193237519,106.71691973433659
45.55154539026795,106.69263638333832
46.21410787489121,106.6
46.88630755277036,106.58767022436105
47.56828460010916,106.5
48.260181232021196,106.48796395359577
48.962141732186545,106.4
49.674312482939705,106.3542814337815
50.39684199579528,106.25039468851895
51.129880942417586,106.2
51.873582186040764,106.14663119252104
52.628100813345895,106.04648745644108
53.393594166801776,106
54.17022187747612,105.947111093059
54.95814589832399,105.9
55.75753053796041,105.83030872064084
56.56854249492426,105.74314575050758
57.39135089244048,105.7
58.226127313687975,105.67738726863121
59.073045837580466,105.59269541624195
59.932283075067765,105.50677169249322
60.804018205965114,105.49942582853951
61.68843301631817,105.3730810361245
62.58571193631152,105.3
63.49604207872855,105.25039579212715
64.41961327797075,105.15803867220292
65.35661812964459,105.06433818703553
66.3072520307241,105
67.27171322029778,104.97282867797023
68.25020282090806,104.8749797179092
69.2429248804921,104.77570751195078
70.25008641493265,104.7
71.27189745122783,104.67281025487722
72.30857107128878,104.56914289287111
73.36032345637442,104.46396765436256
74.42737393217246,104.4
75.50994501453623,104.35750447588318
76.60826245588666,104.3
77.72255529228926,104.28288040163837
78.85305589121582,104.1955789146793
80.00000000000082,104.1
81.16362679500274,104.1
82.34417893148023,104.0119862083795
83.541902594194,103.91985383155317
84.75704754874454,103.82024608821985
85.98986719365665,103.71751086097244
87.24061861322157,103.61995236832364
88.50956263110764,103.49936249125949
89.79696386475084,103.41353574234995
91.10309078053635,103.30807553847748
92.42821574978288,103.3
93.77261510554118,103.20210675625047
95.13656920021877,103.08861920486311
96.52036246404286,102.97535655963542
97.92428346437356,102.86736288574923
99.34862496587989,102.8
100.79368399159105,102.74708773389393
102.25976188483567,102.64934920767762
103.74716437208203,102.546631192521
105.25620162669229,102.44648745644106
106.78718833360406,102.34752077775973
108.34044375495276,102.24397041633648
109.9162917966485,102.2
111.51506107592134,102.13463844509356
113.13708498984903,102.03682871696053
114.78270178488147,101.91810822986379
116.45225462737648,101.83398833601244
118.14609167516147,101.78876217018924
119.86456615013608,101.65657172427547
121.60803641193078,101.6
123.3768660326369,101.4688697767677
125.17142387262359,101.3885717418251
126.99208415745765,101.3
128.83922655594208,101.25204419680331
130.71323625928977,101.14495792804058
132.61450406144883,101.06927479692756
134.5434264405962,101
136.50040564181674,100.97497971790916
138.48584976098482,100.87570751195076
140.50017282986593,100.7833275723378
142.5437949024563,100.7152068365848
144.61714214257822,100.61914289287108
146.7206469127495,100.53117412349002
148.8547478643456,100.39162017085235
151.01989002907314,100.25920439883707
153.216524911774,100.17133900352904
155.4451105845792,100.08219557661683
157.70611178243232,99.99175552870271
160.00000000000236,99.8999999999999
162.3272535900062,99.80690985639976
164.6883578629612,99.71246568548156
167.08380518838874,99.61664779246445
169.51409509748981,99.5194361961004
171.97973438731407,99.42081062450744
174.4812372264439,99.4
177.01912526221608,99.31923498951136
179.5939277295025,99.2162428908199
182.20618156107355,99.11175273755705
184.85643149956664,99.00574274001734
187.54523021108326,98.9
190.27313840043846,98.88907446398247
193.04072492808663,98.77837100287654
195.84856692874806,98.66605732285008
198.69724993176072,98.6
201.58736798318304,98.54708773389389
204.5195237696723,98.4493492076776
207.49432874416505,98.35018904186117
210.5124032533856,98.24958655822049
213.57437666720915,98.2
216.68088750990657,98.13297781225234
219.83258359329807,98.0083708203351
223.03012215184378,97.92424694620391
226.2741699796992,97.82419433401003
229.5654035697641,97.8
232.90450925475412,97.70318302484154
236.2921833503241,97.5926954162419
239.72913230027333,97.50677169249316
243.21607282386276,97.49459817940343
246.75373206527502,97.40615669836814
250.34284774524843,97.29142880636878
253.9841683149166,97.20039579212708
257.67845311188546,97.10803867220285
261.42647251858085,97.01433818703548
265.22900812289896,96.99427479692753
269.08685288119375,96.9
273.0008112836349,96.87497971790913
276.97169952197106,96.77570751195073
281.00034565973334,96.7
285.0875898049141,96.69824820390173
289.23428428515797,96.61531431429684
293.44129382550057,96.53117412348999
297.7094957286928,96.5
302.0397800581479,96.4490054985463
306.4330498235497,96.4
310.89022116916016,96.30274447077099
315.41222356486645,96.2
320.00000000000654,96.19999999999987
324.6545071800142,96.10690985639971
329.3767157259242,96.01246568548152
334.16761037677935,95.91664779246442
339.02819019498156,95.9
343.95946877463007,95.8208106245074
348.9624744528898,95.8
354.03825052443415,95.71923498951132
359.187855459007,95.61624289081986
364.4123631221491,95.6
369.71286299913527,95.5057427400173
375.0904604221685,95.49870770825474
380.54627680087896,95.42076747427316
386.08144985617537,95.31837100287649
391.6971338574982,95.24128582678128
397.3944998635236,95.2
403.1747359663683,95.14708773389385
409.0390475393468,95.1
414.9886574883323,95.05018904186113
421.0248065067734,95
427.1487533344206,94.96418744442633
433.3617750198154,94.9
439.6651671865984,94.9
446.06024430368984,94.8656625949385
452.54833995940066,94.8
459.13080713953053,94.8
465.8090185095106,94.73651635817482
472.58436670065066,94.7
479.45826460054917,94.63631050570643
486.432145647728,94.6
493.50746413055253,94.6
500.6856954904994,94.5
507.9683366298358,94.5
515.3569062237735,94.4
522.8529450371643,94.4
530.4580162458005,94.3942747969275
538.1737057623901,94.3
546.0016225672724,94.3
553.9433990439449,94.27570751195069
562.0006913194694,94.2
570.1751796098309,94.2
578.4685685703187,94.2
586.8825876510039,94.13117412348996
595.4189914573883,94.1
604.0795601162986,94.1
612.8660996471021,94.1
621.780442338323,94.1
630.8244471297356,94
640.0000000000159,94
649.3090143600314,94
658.7534314518515,94
668.3352207535618,94.08335220753561
678.0563803899662,94.1
687.9189375492632,94.1
697.9249489057827,94.1
708.0765010488715,94.1
718.3757109180171,94.1
728.8247262443015,94.1
739.425725998274,94.1
750.1809208443404,94.10150767370283
761.0925536017613,94.19243794668135
772.1628997123541,94.2
783.3942677149998,94.2
794.7889997270506,94.25657499772542
806.34947193274,94.35291226610617
818.0780950786972,94.44675457752844
829.9773149766683,94.53828703828206
842.0496130135506,94.6
854.2975066688449,94.63581255557371
866.7235500396347,94.73633500030488
879.3303343732008,94.8
892.1204886073838,94.84746992404922
905.0966799188055,94.94247233265672
918.2616142790653,95.04816626368512
931.6180370190256,95.15090797706942
945.1687334013056,95.2
958.9165292011028,95.2743044100092
972.8642912954606,95.38357147150354
987.0149282611097,95.49242252508546
1001.3713909810035,95.60914260654002
1015.9366732596762,95.70624448839784
1030.7138124475518,95.80509866033965
1045.7058900743334,95.91066181296459
1060.916032491606,96.01221376655475
1076.3474115247852,96.20898274349857
1092.0032451345498,96.31252028209093
1107.8867980878947,96.41347712919925
1124.0013826389438,96.52222990354969
1140.350359219667,96.61958632683056
1156.9371371406426,96.73153244154838
1173.765175302013,96.8
1190.837982914782,96.88336909934448
1208.1591202326028,97.01542228737573
1225.73219929421,97.12729618711528
1243.5608846766518,97.22845427418503
1261.648894259477,97.37765929506318
1280.0000000000375,97.50000000000021
1298.6180287200684,97.60638873554325
1317.5068629037087,97.7
1336.6704415071292,97.78335220753564
1356.112760779938,97.96112760779938
1375.8378750985323,98.07918937549266
1395.8498978115715,98.17924948905785
1416.153002097749,98.25384334032583
1436.7514218360407,98.3675142183604
1457.6494524886093,98.53059780995443
1478.8514519965543,98.6154058079862
1500.3618416886875,98.70144736675475
1522.1851072035295,98.78874042881412
1544.3257994247153,98.87730319769886
1566.788535430007,98.96715414172003
1589.5779994541087,99
1612.6989438654878,99.05079577546195
1636.156190157402,99.14462476062961
1659.9546299533442,99.2
1684.099226027109,99.23639690410843
1708.5950133376978,99.3
1733.4471000792773,99.3
1758.6606687464096,99.3
1784.2409772147755,99.3
1810.193359837619,99.3
1836.5232285581387,99.34609291423256
1863.2360740380593,99.4
1890.3374668026197,99.4
1917.833058402214,99.4
1945.7285825909298,99.48291433036373
1974.0298565222283,99.5961194260889
2002.7427819620161,99.70914260654006
2031.8733465193618,99.80624448839787
2061.4276248951132,99.9
2091.411780148677,99.90470593382892
2121.832064983222,100
2152.694823049581,99.96826294237604
2184.0064902691106,99.9
2215.7735961758003,99.9
2248.002765277899,99.9
2280.7007184393456,99.9
2313.874274281297,99.94624758093767
2347.530350604038,100.05843450201345
2381.6759658295764,100.26256974372183
2416.318240465218,100.50878826976812
2451.4643985884327,100.70732199294216
2487.1217693533167,100.85707256451106
2523.2977885189675,100.95824447129742
2560.0000000000887,101
2597.236057440151,101.04309014360038
2635.0137258074315,101.1
2673.340883014273,101.1
2712.225521559891,101.1
2751.6757501970797,101.1791893754927
2791.699795623158,101.27924948905789
2832.3060041955137,101.3
2873.502843672097,101.3470056873442
2915.2989049772345,101.4
2957.7029039931244,101.4
3000.723683377391,101.40180920844348
3044.370214407075,101.5
3088.6515988494466,101.5
3133.57707086003,101.5
3179.1559989082334,101.55831199781646
3225.3978877309914,101.65079577546199
3272.3123803148205,101.74462476062965
3319.9092599067053,101.8
3368.198452054235,101.83639690410847
3417.190026675413,101.93438005335084
3466.8942001585724,102.03378840031715
3517.3213374928373,102.13464267498567
3568.4819544295697,102.23696390885914
3620.386719675257,102.34077343935051
3673.0464571162966,102.4460929142326
3726.472148076138,102.60588859230455
3780.6749336052594,102.7876426674436
3835.6661168044484,102.96266446721779
3891.45716518188,103.1536429129547
3948.059713044477,103.29514928261119
4005.4855639240527,103.52742781962026
4063.746693038744,103.8124889767958
4122.855249790247,104.00951749930083
4182.823560297375,104.21210097270304
4243.664129966465,104.47284627128485
4305.389646099183,104.68463215366394
4368.012980538242,104.99006490269122
4431.5471923516225,105.17584912100463
4496.00553055582,105.38668510185273
4561.401436878714,105.5162877669696
4627.748548562617,105.6
4695.060701208099,105.6
4763.351931659176,105.56185162383092
4832.63648093046,105.37472703813908
4902.928797176889,105.20591772235174
4974.243538706657,104.9858548709778
5046.595577037959,104.66702211481021
5120.000000000202,104.32857142857057
5194.472114880326,103.94587362925527
5270.027451614888,103.48732842740695
5346.6817660285715,103.06659116985715
5424.451043119808,102.64599403931538
5503.351500394186,102.1951342834618
5583.399591246343,101.78300204376828
5664.612008391055,101.37693995804473
5747.005687344222,101.01197725062312
5830.597809954497,100.70820657013651
5915.405807986278,100.46918838402745
6001.447366754812,100.29638158311296
6088.740428814181,100.0750273462452
6177.303197698925,99.86099543185868
6267.154141720092,99.8
6358.3119978165005,99.7416880021835
6450.795775462017,99.7
6544.624760629676,99.74462476062968
6639.818519813445,99.87963703962689
6736.396904108505,100.07279380821701
6834.380053350861,100.33752021340345
6933.788400317181,100.73515360126872
7034.642674985712,101.17321337492857
7136.963908859177,101.72178345315506
7240.773439350552,102.42618751480441
7346.092914232631,103.31483622809368
7452.944296152315,104.27649866537084
7561.349867210557,105.31349867210558
7671.332233608935,106.33434966899868
7782.914330363799,107.17723100965122
7896.119426088994,107.71343285507416
8010.971127848146,107.76342957383952
8127.49338607753,107.3423585686344
8245.710499580537,106.43299615707281
8365.647120594791,105.15456947051764
8487.328259932974,103.74783696744863
8610.77929219841,102.3075749243519
8736.025961076528,101.03974038923472
8863.094384703289,99.90397451217588
8992.011061111683,98.95858555184766
9122.802873757471,98.08706365958089
9255.497097125279,97.48308585499915
9390.121402416245,97.07469649395938
9526.7038633184,96.777746780568
9665.272961860968,96.66517464472233
9805.857594353829,96.64296738027217
9948.487077413367,96.87121769353342
10093.19115407597,97.31063718025324
10240.000000000457,97.98000000000243
10388.944229760706,98.87178433417597
10540.05490322983,99.95041177422372
10693.363532057198,101.08466590175279
10848.902086239672,102.02747779327825
11006.703000788428,102.63344687746384
11166.799182492743,102.72371486964805
11329.224016782166,102.12567103652371
11494.0113746885,101.04491468983625
11661.195619909053,99.38804380090947
11830.811615972614,97.59188384027387
12002.894733509682,95.87105266490317
12177.48085762842,94.20910632202182
12354.606395397908,92.82204651125403
12534.308283440243,91.6170224883187
12716.62399563306,90.68908802037906
12901.591550924093,89.98071226852427
13089.249521259411,89.39093007604185
13279.637039626952,89.02036296037305
13472.793808217073,88.9
13668.760106701786,89.00314016005268
13867.576800634426,89.33515360126886
14069.285349971487,89.80785604991446
14273.927817718419,90.42178345315526
14481.54687870117,90.95386719675292
14692.18582846533,91.15374866277227
14905.888592304698,91.63648805845315
15122.699734421185,92.73435819406406
15342.664467217943,94.30424995085636
15565.828660727671,95.84230903578388
15792.238852178061,96.95205986784102
16021.942255696367,97.74388451139274
16254.986772155136,98.2
16491.42099916115,98.2
16731.294241189662,97.73741151762069
16974.65651986603,96.53178609669666
17221.558584396902,94.53890789106602
17472.051922153143,91.90183924074604
17726.188769406665,88.79525925935737
17984.022122223458,85.41090798665036
18245.605747515034,82.05624643180757
18510.99419425065,78.881262702093
18780.242804832582,75.99757195167417
19053.40772663689,73.33001200559535
19330.545923722028,70.92341424073497
19611.71518870775,68.65096456582111
19896.974154826825,67.6
20186.382308152035,67.6