20,86.94609845886274
20.290906698750476,87.00896541699555
20.586044732869844,87.0637656538934
20.885475648548283,87.10659917303691
21.189261887185914,87.13936615937206
21.49746679841394,87.15923303661761
21.810154653305165,87.17009986241062
22.12739065777668,87.174
22.449240966187475,87.17293342269978
22.77577269513385,87.16786684617531
23.107053937445478,87.1588002567178
23.44315377638505,87.14573368615339
23.784142300054445,87.13076696322642
24.130090616010463,87.11686683943574
24.481070866093134,87.11
24.837156241469714,87.11213316308418
25.1984209978975,87.1222995989191
25.56494047120865,87.14139947116233
25.936791093020236,87.16749933420597
26.3140504066728,87.19959922953105
26.69679708340074,87.23666574806765
27.08511093873791,87.27669905878798
27.47907294916184,87.31866577077717
27.878765268980047,87.35863247435596
28.284271247461966,87.39556591287322
28.695675446220072,87.4284660457313
29.11306365684382,87.4543329140575
29.536522918790062,87.47223301226985
29.966141537533712,87.48413315038708
30.402009102982383,87.49106657921818
30.844216508158908,87.49503328846914
31.29285596815558,87.49596671032899
31.74802103936409,87.49290012731042
32.20980663898519,87.48586684941465
32.67830906482211,87.47793342092629
33.153626015361866,87.4750332907916
33.63585661014871,87.47813315184091
34.125101410453844,87.48719974704306
34.62146244024586,87.50023301909219
35.12504320746613,87.513233028197
35.635948725613716,87.52519974495077
36.15428553564419,87.53516645036468
36.68016172818701,87.54413315111952
37.21368696608603,87.55106657962016
37.754972507267915,87.55503328985336
38.30413122794313,87.556
38.86127764614443,87.55390012702262
39.4265279456077,87.54783354551297
40.000000000000206,87.53783355015925
40.58181339750116,87.52680025855264
41.1720894657399,87.51480026420172
41.77095129709678,87.5028002564873
42.37852377437204,87.49083354817826
42.9949335968281,87.48086684863279
43.62030930661056,87.47290012841216
44.25478131555359,87.46686683781213
44.89848193237519,87.45986684539956
45.55154539026795,87.45083355721476
46.21410787489121,87.43980025671777
46.88630755277036,87.42470039692256
47.56828460010916,87.40566711934127
48.260181232021196,87.38566709763717
48.962141732186545,87.36666711964607
49.674312482939705,87.34763383106724
50.39684199579528,87.32670040108088
51.129880942417586,87.30980026495804
51.873582186040764,87.29883355570757
52.628100813345895,87.28876698343068
53.393594166801776,87.27370039087735
54.17022187747612,87.25466711571109
54.95814589832399,87.23470040390274
55.75753053796041,87.21773369500802
56.56854249492426,87.20176697705219
57.39135089244048,87.18673368879404
58.226127313687975,87.17070039797362
59.073045837580466,87.15266710274017
59.932283075067765,87.13156723329446
60.804018205965114,87.10553394653066
61.68843301631817,87.07750067296297
62.58571193631152,87.04750065603616
63.49604207872855,87.01646737927976
64.41961327797075,86.98346736451646
65.35661812964459,86.95046736853533
66.3072520307241,86.91950066935168
67.27171322029778,86.88953394078688
68.25020282090806,86.86153395188045
69.2429248804921,86.8324673838704
70.25008641493265,86.80043407549067
71.27189745122783,86.76646737675364
72.30857107128878,86.73343406876005
73.36032345637442,86.69940078722125
74.42737393217246,86.66233420379848
75.50994501453623,86.62130091435758
76.60826245588666,86.57933421900549
77.72255529228926,86.54143408331957
78.85305589121582,86.50846737364957
80.00000000000082,86.47750065047774
81.16362679500274,86.44743409384807
82.34417893148023,86.41340079260515
83.541902594194,86.37423435327145
84.75704754874454,86.32610120120627
85.98986719365665,86.2700013197954
87.24061861322157,86.20896804100781
88.50956263110764,86.1459680413892
89.79696386475084,86.08400134049674
91.10309078053635,86.02400130086106
92.42821574978288,85.96506790510621
93.77261510554118,85.9122010572841
95.13656920021877,85.86523434222529
96.52036246404286,85.81813448980115
97.92428346437356,85.7651011862525
99.34862496587989,85.71013447607652
100.79368399159105,85.65710120324266
102.25976188483567,85.60206790313752
103.74716437208203,85.5440346218195
105.25620162669229,85.48606789944819
106.78718833360406,85.43010120637028
108.34044375495276,85.3761344688259
109.9162917966485,85.32206788926109
111.51506107592134,85.26393474174115
113.13708498984903,85.19570172929078
114.78270178488147,85.11346871056571
116.45225462737648,85.01730225317138
118.14609167516147,84.91433551175615
119.86456615013608,84.81886814731283
121.60803641193078,84.7636005255977
123.3768660326369,84.74370039370868
125.17142387262359,84.72240078658261
126.99208415745765,84.68113449227035
128.83922655594208,84.62706788690517
130.71323625928977,84.57326763173606
132.61450406144883,84.53243407423733
134.5434264405962,84.49940079947848
136.50040564181674,84.46123434951787
138.48584976098482,84.4120346062844
140.50017282986593,84.35293472928879
142.5437949024563,84.28783488664858
144.61714214257822,84.21780159059121
146.7206469127495,84.14476828484364
148.8547478643456,84.07073502010833
151.01989002907314,83.99470173136544
153.216524911774,83.91673501611042
155.4451105845792,83.84080158820612
157.70611178243232,83.77096803644602
160.00000000000236,83.70900132511342
162.3272535900062,83.64896802800477
164.6883578629612,83.58590145310941
167.08380518838874,83.51886817440125
169.51409509748981,83.44986815253274
171.97973438731407,83.38400131979539
174.4812372264439,83.32613448600654
177.01912526221608,83.27623435328874
179.5939277295025,83.23123434454702
182.20618156107355,83.18416776902612
184.85643149956664,83.1331011948807
187.54523021108326,83.07703461088494
190.27313840043846,83.0169347362363
193.04072492808663,82.95283486675659
195.84856692874806,82.88170171256075
198.69724993176072,82.80263513440326
201.58736798318304,82.72170171220169
204.5195237696723,82.64793474572392
207.49432874416505,82.586001313624
210.5124032533856,82.52590145292105
213.57437666720915,82.4588015860015
216.68088750990657,82.38580159362672
219.83258359329807,82.31383488282123
223.03012215184378,82.24693474174113
226.2741699796992,82.18500133022366
229.5654035697641,82.12500131553978
232.90450925475412,82.06500132598678
236.2921833503241,82.00496803479493
239.72913230027333,81.94190145546612
243.21607282386276,81.87586815521777
246.75373206527502,81.80683488400143
250.34284774524843,81.73580159301467
253.9841683149166,81.66596803162861
257.67845311188546,81.60713448033955
261.42647251858085,81.55716776333642
265.22900812289896,81.50606790106602
269.08685288119375,81.4500013170751
273.0008112836349,81.3911011924578
276.97169952197106,81.33823434253362
281.00034565973334,81.2954340830074
285.0875898049141,81.26463381619219
289.23428428515797,81.24470039750481
293.44129382550057,81.22460053027095
297.7094957286928,81.19850065934052
302.0397800581479,81.16740079113954
306.4330498235497,81.13236749978155
310.89022116916016,81.09430092614318
315.41222356486645,81.05120106012468
320.00000000000654,81.00113448176495
324.6545071800142,80.94913447473277
329.3767157259242,80.89920105680683
334.16761037677935,80.85326763347472
339.02819019498156,80.81026763676836
343.95946877463007,80.76623434486918
348.9624744528898,80.72123434390808
354.03825052443415,80.67630092334869
359.187855459007,80.63433421264958
364.4123631221491,80.5943342149687
369.71286299913527,80.55533421096311
375.0904604221685,80.51636750391597
380.54627680087896,80.47840079566191
386.08144985617537,80.44243408381212
391.6971338574982,80.40946736944338
397.3944998635236,80.37850065892802
403.1747359663683,80.35053394796982
409.0390475393468,80.32356724045033
414.9886574883323,80.29653395085948
421.0248065067734,80.26856723902951
427.1487533344206,80.24363381782656
433.3617750198154,80.22476697438313
439.6651671865984,80.21283355317125
446.06024430368984,80.20596671068971
452.54833995940066,80.2049667107126
459.13080713953053,80.20080026479168
465.8090185095106,80.18563381952848
472.58436670065066,80.16263381890515
479.45826460054917,80.141667107717
486.432145647728,80.12063381804481
493.50746413055253,80.09860052830126
500.6856954904994,80.0777336851311
507.9683366298358,80.06386684279077
515.3569062237735,80.05483355391145
522.8529450371643,80.04480026467927
530.4580162458005,80.03286684300943
538.1737057623901,80.02493342165131
546.0016225672724,80.022
553.9433990439449,80.02306657841176
562.0006913194694,80.02709986770458
570.1751796098309,80.031033289195
578.4685685703187,80.03303328916613
586.8825876510039,80.03503328936362
595.4189914573883,80.03809986815504
604.0795601162986,80.04619973628684
612.8660996471021,80.05819973560473
621.780442338323,80.07023302456722
630.8244471297356,80.08429960429146
640.0000000000159,80.10443276173464
649.3090143600314,80.13363249519466
658.7534314518515,80.1748322324929
668.3352207535618,80.22583222986829
678.0563803899662,80.27473236308258
687.9189375492632,80.31659920836326
697.9249489057827,80.35259920555546
708.0765010488715,80.38866578364775
718.3757109180171,80.43073236199902
728.8247262443015,80.475765652641
739.425725998274,80.5238322317846
750.1809208443404,80.57493209966377
761.0925536017613,80.63099867933767
772.1628997123541,80.69209854869462
783.3942677149998,80.75816512338099
794.7889997270506,80.829298280014
806.34947193274,80.91053130620121
818.0780950786972,81.00679762509564
829.9773149766683,81.11589748547085
842.0496130135506,81.22776433347669
854.2975066688449,81.33269775343892
866.7235500396347,81.43469775021399
879.3303343732008,81.53779761755607
892.1204886073838,81.64686420137622
905.0966799188055,81.76096406795688
918.2616142790653,81.88113051786866
931.6180370190256,82.01129696045385
945.1687334013056,82.15036354254504
958.9165292011028,82.29243011366596
972.8642912954606,82.43849669550332
987.0149282611097,82.58956327673366
1001.3713909810035,82.74466313766166
1015.9366732596762,82.90789616890699
1030.7138124475518,83.08722905455042
1045.7058900743334,83.2843955004525
1060.916032491606,83.48836221357459
1076.3474115247852,83.68826235165372
1092.0032451345498,83.88112919330004
1107.8867980878947,84.06489617139007
1124.0013826389438,84.23152998153874
1140.350359219667,84.3771970948581
1156.9371371406426,84.50613051375989
1173.765175302013,84.63846340449577
1190.837982914782,84.79506261275762
1208.1591202326028,84.98539550522256
1225.73219929421,85.19036221563435
1243.5608846766518,85.38912918739287
1261.648894259477,85.57392945487588
1280.0000000000375,85.74779629783633
1298.6180287200684,85.91372971610336
1317.5068629037087,86.07769643327705
1336.6704415071292,86.23762985427031
1356.112760779938,86.39352998155803
1375.8378750985323,86.54449669398917
1395.8498978115715,86.69562985415664
1416.153002097749,86.85582958823635
1436.7514218360407,87.02682958861695
1457.6494524886093,87.19569642912155
1478.8514519965543,87.35559656292564
1500.3618416886875,87.50846340625428
1522.1851072035295,87.65439683019312
1544.3257994247153,87.79743011677958
1566.788535430007,87.94556327166403
1589.5779994541087,88.10369642795557
1612.6989438654878,88.2656298517292
1636.156190157402,88.42046340613307
1659.9546299533442,88.56629696164299
1684.099226027109,88.70426367295441
1708.5950133376978,88.8381638034026
1733.4471000792773,88.96703064710852
1758.6606687464096,89.08903064668246
1784.2409772147755,89.21319708954323
1810.193359837619,89.34843011798058
1836.5232285581387,89.49649669517804
1863.2360740380593,89.64649669596058
1890.3374668026197,89.7955299838384
1917.833058402214,89.94759656504763
1945.7285825909298,90.10679629876539
1974.0298565222283,90.27999603144751
2002.7427819620161,90.45896274678269
2031.8733465193618,90.6327630119036
2061.4276248951132,90.79659656420438
2091.411780148677,90.9504634070105
2121.832064983222,91.09429695793804
2152.694823049581,91.23126367257609
2184.0064902691106,91.36943011804756
2215.7735961758003,91.51749669511317
2248.002765277899,91.66643011832885
2280.7007184393456,91.81029695863023
2313.874274281297,91.94729696028443
2347.530350604038,92.08843011524588
2381.6759658295764,92.23646340591378
2416.318240465218,92.3843635380841
2451.4643985884327,92.5231638022628
2487.1217693533167,92.64889748903045
2523.2977885189675,92.7586644629977
2560.0000000000887,92.85559788456409
2597.236057440151,92.95053130660028
2635.0137258074315,93.04136485928368
2673.340883014273,93.1211651252495
2712.225521559891,93.18909854630337
2751.6757501970797,93.25509854535527
2791.699795623158,93.31999867884306
2832.3060041955137,93.37679894259982
2873.502843672097,93.41839947133417
2915.2989049772345,93.43703328929418
2957.7029039931244,93.43586684292067
3000.723683377391,93.42366710727825
3044.370214407075,93.40040079324066
3088.6515988494466,93.36123434680228
3133.57707086003,93.3142343464456
3179.1559989082334,93.26716776810018
3225.3978877309914,93.21606790065292
3272.3123803148205,93.15683487547759
3319.9092599067053,93.08366842964074
3368.198452054235,93.00370171847385
3417.190026675413,92.92776829652466
3466.8942001585724,92.8538015866986
3517.3213374928373,92.78393474272393
3568.4819544295697,92.72096803254017
3620.386719675257,92.65783487494079
3673.0464571162966,92.58350198289314
3726.472148076138,92.48816908956105
3780.6749336052594,92.37286948729394
3835.6661168044484,92.24053659461994
3891.45716518188,92.08833685831861
3948.059713044477,91.92627027959199
4005.4855639240527,91.76013712395131
4063.746693038744,91.58483751972264
4122.855249790247,91.38847133582473
4182.823560297375,91.1711051537806
4243.664129966465,90.93183884038456
4305.389646099183,90.68083884118376
4368.012980538242,90.4362050246137
4431.5471923516225,90.21453791621752
4496.00553055582,90.0107376523754
4561.401436878714,89.81780422856586
4627.748548562617,89.62567107205146
4695.060701208099,89.42457120422759
4763.351931659176,89.21963778372287
4832.63648093046,89.01873765165851
4902.928797176889,88.82483751976969
4974.243538706657,88.63597067540748
5046.595577037959,88.45613712364391
5120.000000000202,88.29066975167733
5194.472114880326,88.16460185049536
5270.027451614888,88.09876697506701
5346.6817660285715,88.10506525659987
5424.451043119808,88.18823038183194
5503.351500394186,88.34032892782719
5583.399591246343,88.5530612910462
5664.612008391055,88.8011278700991
5747.005687344222,89.04149537409006
5830.597809954497,89.23762985237056
5915.405807986278,89.38499735614334
6001.447366754812,89.49853130655535
6088.740428814181,89.58513183498988
6177.303197698925,89.64566578538934
6267.154141720092,89.67719973558211
6358.3119978165005,89.68286684289603
6450.795775462017,89.67386684294758
6544.624760629676,89.66696671072722
6639.818519813445,89.66809986783724
6736.396904108505,89.67833289269902
6834.380053350861,89.70579894232625
6933.788400317181,89.76236486035515
7034.642674985712,89.85396406698364
7136.963908859177,89.97946340619448
7240.773439350552,90.13806261274598
7346.092914232631,90.3336951089331
7452.944296152315,90.56209458152719
7561.349867210557,90.81126102774887
7671.332233608935,91.06826102767214
7782.914330363799,91.32192813398012
7896.119426088994,91.54396274526916
8010.971127848146,91.70153130655974
8127.49338607753,91.76786684293343
8245.710499580537,91.7299360653536
8365.647120594791,91.57073897369901
8487.328259932974,91.28064174821087
8610.77929219841,90.86877755017893
8736.025961076528,90.34704650720089
8863.094384703289,89.72571493843955
8992.011061111683,89.03298257125005
9122.802873757471,88.30681612676055
9255.497097125279,87.57704914884273
9390.121402416245,86.86974822374695
9526.7038633184,86.20861374773777
9665.272961860968,85.5994792692616
9805.857594353829,85.04341136608963
9948.487077413367,84.54224360070452
10093.19115407597,84.08794267408672
10240.000000000457,83.67460845932757
10388.944229760706,83.30227424496172
10540.05490322983,82.96894003009261
10693.363532057198,82.67667239506295
10848.902086239672,82.42837146970355
11006.703000788428,82.22103725423375
11166.799182492743,82.05473632960874
11329.224016782166,81.9305352719003
11494.0113746885,81.85863381795245
11661.195619909053,81.8548322317727
11830.811615972614,81.92509722395056
12002.894733509682,82.07456195216393
12177.48085762842,82.3142929947833
12354.606395397908,82.66552337498372
12534.308283440243,83.16035296420245
12716.62399563306,83.83804807446951
12901.591550924093,84.75267528220674
13089.249521259411,85.95680182978131
13279.637039626952,87.46519601116236
13472.793808217073,89.20086047510252
13668.760106701786,90.96896431141886
13867.576800634426,92.47444225961699
14069.285349971487,93.38209325849915
14273.927817718419,93.44407979667609
14481.54687870117,92.63386263612915
14692.18582846533,91.17207162465836
14905.888592304698,89.39490649833124
15122.699734421185,87.62610226946431
15342.664467217943,86.09569486701335
15565.828660727671,84.91491996022856
15792.238852178061,84.10697860710158
16021.942255696367,83.65877094051528
16254.986772155136,83.55206393502337
16491.42099916115,83.75035825182721
16731.294241189662,84.1775553438492
16974.65651986603,84.68739021935716
17221.558584396902,85.06093077769081
17472.051922153143,85.04280951690751
17726.188769406665,84.43799050240443
17984.022122223458,83.19010359245054
18245.605747515034,81.38691310821136
18510.99419425065,79.20178523754872
18780.242804832582,76.81332050962178
19053.40772663689,74.36865340467288
19330.545923722028,71.96975062249943
19611.71518870775,69.748341902405
19896.974154826825,68.08148455472777
20186.382308152035,67.689