20,87.48086685347118
20.290906698750476,87.475
20.586044732869844,87.47816644649856
20.885475648548283,87.4913328739094
21.189261887185914,87.51449930823462
21.49746679841394,87.54663252796205
21.810154653305165,87.58573232434458
22.12739065777668,87.62979897063516
22.449240966187475,87.67783221625268
22.77577269513385,87.72786549986048
23.107053937445478,87.78089884476998
23.44315377638505,87.83486552000149
23.784142300054445,87.88576569225603
24.130090616010463,87.9295992225392
24.481070866093134,87.96239945642472
24.837156241469714,87.98319974462628
25.1984209978975,87.99406657753758
25.56494047120865,87.99593342147294
25.936791093020236,87.99086684421174
26.3140504066728,87.97976696629348
26.69679708340074,87.96266712596618
27.08511093873791,87.94160053783543
27.47907294916184,87.91763382607256
27.878765268980047,87.89563383063603
28.284271247461966,87.87570039906711
28.695675446220072,87.85880026611515
29.11306365684382,87.8489334171885
29.536522918790062,87.84709986240136
29.966141537533712,87.85523301317741
30.402009102982383,87.87129960648186
30.844216508158908,87.89033288469135
31.29285596815558,87.91036618638108
31.74802103936409,87.93133290896523
32.20980663898519,87.95029958881705
32.67830906482211,87.96723302675794
33.153626015361866,87.9791331631664
33.63585661014871,87.98603328796024
34.125101410453844,87.98590012647847
34.62146244024586,87.97883355779129
35.12504320746613,87.96673368206056
35.635948725613716,87.94966709174874
36.15428553564419,87.92970038934357
36.68016172818701,87.91070040998106
37.21368696608603,87.89373368151941
37.754972507267915,87.8798002608799
38.30413122794313,87.86886683683385
38.86127764614443,87.86090012702262
39.4265279456077,87.85593341820518
40.000000000000206,87.8519334200637
40.58181339750116,87.84796670975877
41.1720894657399,87.84493342140057
41.77095129709678,87.8398668376582
42.37852377437204,87.8308002578139
42.9949335968281,87.81780027294919
43.62030930661056,87.80476696629505
44.25478131555359,87.79073367562427
44.89848193237519,87.77573369079913
45.55154539026795,87.7597004029866
46.21410787489121,87.7427336756237
46.88630755277036,87.7267336861534
47.56828460010916,87.70970040740713
48.260181232021196,87.69270038787346
48.962141732186545,87.67473369571685
49.674312482939705,87.65766711915204
50.39684199579528,87.63866711231209
51.129880942417586,87.6176671082634
51.873582186040764,87.59663382255665
52.628100813345895,87.57563383110534
53.393594166801776,87.55466710097484
54.17022187747612,87.53570040413999
54.95814589832399,87.51770040390274
55.75753053796041,87.49970040688402
56.56854249492426,87.48266711007457
57.39135089244048,87.46363382209181
58.226127313687975,87.44060053063147
59.073045837580466,87.41453394383623
59.932283075067765,87.38553394354787
60.804018205965114,87.35656723606418
61.68843301631817,87.32956724990125
62.58571193631152,87.30356723523134
63.49604207872855,87.27756724566481
64.41961327797075,87.2515339439519
65.35661812964459,87.22250065800186
66.3072520307241,87.19043409193189
67.27171322029778,87.15540078101169
68.25020282090806,87.11836750612346
69.2429248804921,87.08136751834608
70.25008641493265,87.04440078581365
71.27189745122783,87.00940079884786
72.30857107128878,86.97340077868712
73.36032345637442,86.93636749762241
74.42737393217246,86.89836749360856
75.50994501453623,86.86246736332005
76.60826245588666,86.83046737520439
77.72255529228926,86.79946737253606
78.85305589121582,86.76746737364957
80.00000000000082,86.7344673605096
81.16362679500274,86.70136751665373
82.34417893148023,86.66326763540629
83.541902594194,86.61816777529505
84.75704754874454,86.56603462351785
85.98986719365665,86.50803460913555
87.24061861322157,86.44900133000758
88.50956263110764,86.38900133037664
89.79696386475084,86.32900134049675
91.10309078053635,86.27106788080366
92.42821574978288,86.21713448331292
93.77261510554118,86.16616776800427
95.13656920021877,86.11616776328837
96.52036246404286,86.06510120094735
97.92428346437356,86.01006789685442
99.34862496587989,85.95300131854982
100.79368399159105,85.89403462570507
102.25976188483567,85.83610119231119
103.74716437208203,85.78210119962506
105.25620162669229,85.72813447805903
106.78718833360406,85.67510120637029
108.34044375495276,85.62110117916535
109.9162917966485,85.56810117893035
111.51506107592134,85.51303460970291
113.13708498984903,85.45180159626841
114.78270178488147,85.37656857726796
116.45225462737648,85.28743540978539
118.14609167516147,85.19563511964004
119.86456615013608,85.12110117580725
121.60803641193078,85.07236749886302
123.3768660326369,85.0333009186536
125.17142387262359,84.9892010487768
126.99208415745765,84.94013449227035
128.83922655594208,84.88603459715178
130.71323625928977,84.82800131600371
132.61450406144883,84.76796801772691
134.5434264405962,84.70593475462842
136.50040564181674,84.64190145800389
138.48584976098482,84.57486815909205
140.50017282986593,84.50686814986933
142.5437949024563,84.43786817560147
144.61714214257822,84.36883487974146
146.7206469127495,84.29883486404128
148.8547478643456,84.22880159799737
151.01989002907314,84.15576830924412
153.216524911774,84.07976830516014
155.4451105845792,84.00583487742263
157.70611178243232,83.93796803644601
160.00000000000236,83.87596803595054
162.3272535900062,83.81396802800477
164.6883578629612,83.74986816380971
167.08380518838874,83.67980159642485
169.51409509748981,83.60680157326998
171.97973438731407,83.53483487309461
174.4812372264439,83.46690146300831
177.01912526221608,83.40200133037663
179.5939277295025,83.34200131897438
182.20618156107355,83.28100132283133
184.85643149956664,83.21993474948823
187.54523021108326,83.15490145376562
190.27313840043846,83.08883486775845
193.04072492808663,83.01880157723535
195.84856692874806,82.94573500198229
198.69724993176072,82.87076829202245
201.58736798318304,82.7968348699246
204.5195237696723,82.72690145652778
207.49432874416505,82.65993473453226
210.5124032533856,82.59386816361562
213.57437666720915,82.5258015860015
216.68088750990657,82.45280159362672
219.83258359329807,82.38293475000798
223.03012215184378,82.32106789902349
226.2741699796992,82.26613448619382
229.5654035697641,82.2151677629498
232.90450925475412,82.16520106078941
236.2921833503241,82.11720105919608
239.72913230027333,82.06813448006422
243.21607282386276,82.0151011820847
246.75373206527502,81.95900132914407
250.34284774524843,81.90003461659515
253.9841683149166,81.84416776744243
257.67845311188546,81.79630092642809
261.42647251858085,81.75526763173605
265.22900812289896,81.7081344795613
269.08685288119375,81.65303460650594
273.0008112836349,81.59503461412135
276.97169952197106,81.53913447416845
281.00034565973334,81.48926763683308
285.0875898049141,81.44740079013265
289.23428428515797,81.41140079500964
293.44129382550057,81.37223434968598
297.7094957286928,81.32303460805835
302.0397800581479,81.26503460794703
306.4330498235497,81.20706789441492
310.89022116916016,81.15106790152423
315.41222356486645,81.09403461431732
320.00000000000654,81.0360013251134
324.6545071800142,80.97706789586604
329.3767157259242,80.92416776750711
334.16761037677935,80.87623434408721
339.02819019498156,80.83126763676835
343.95946877463007,80.78623434486919
348.9624744528898,80.74023434390809
354.03825052443415,80.69426763398432
359.187855459007,80.65030092328205
364.4123631221491,80.60730092571713
369.71286299913527,80.56533421096312
375.0904604221685,80.52436750391598
380.54627680087896,80.48540079566192
386.08144985617537,80.44943408381212
391.6971338574982,80.41550065885316
397.3944998635236,80.38453394833282
403.1747359663683,80.35653394796982
409.0390475393468,80.3285339512542
414.9886574883323,80.30050066163517
421.0248065067734,80.27153394972407
427.1487533344206,80.24563381782656
433.3617750198154,80.2257336850093
439.6651671865984,80.211866842537
446.06024430368984,80.20493342137942
452.54833995940066,80.2019334214252
459.13080713953053,80.19473368638891
465.8090185095106,80.17660053039471
472.58436670065066,80.15260052971472
479.45826460054917,80.1296338184887
486.432145647728,80.10863381804481
493.50746413055253,80.08560052830126
500.6856954904994,80.06373368513108
507.9683366298358,80.04880026418618
515.3569062237735,80.03783355391144
522.8529450371643,80.02680026467927
530.4580162458005,80.01486684300943
538.1737057623901,80.0079334216513
546.0016225672724,80.005
553.9433990439449,80.00506657841176
562.0006913194694,80.00903328923486
570.1751796098309,80.01203328919499
578.4685685703187,80.01406657833226
586.8825876510039,80.01809986809087
595.4189914573883,80.02313315754006
604.0795601162986,80.03319973628683
612.8660996471021,80.04619973560473
621.780442338323,80.05919973534333
630.8244471297356,80.07329960429145
640.0000000000159,80.09443276173464
649.3090143600314,80.12363249519467
658.7534314518515,80.1648322324929
668.3352207535618,80.21686551906302
678.0563803899662,80.2677656523136
687.9189375492632,80.3116657870703
697.9249489057827,80.3506657839505
708.0765010488715,80.39073236201253
718.3757109180171,80.43476565118078
728.8247262443015,80.48183223113153
739.425725998274,80.53186552105599
750.1809208443404,80.58496538893748
761.0925536017613,80.64403196864893
772.1628997123541,80.707131838049
783.3942677149998,80.7762317018599
794.7889997270506,80.85136485847624
806.34947193274,80.93659788473168
818.0780950786972,81.03583091444928
829.9773149766683,81.14793077468964
842.0496130135506,81.26183091209846
854.2975066688449,81.37076433200515
866.7235500396347,81.47576432865375
879.3303343732008,81.58283090677006
892.1204886073838,81.6949307799968
905.0966799188055,81.81303064653169
918.2616142790653,81.93819709655206
931.6180370190256,82.07336353901773
945.1687334013056,82.21643012120828
958.9165292011028,82.36346340289425
972.8642912954606,82.5135299847767
987.0149282611097,82.66762985535011
1001.3713909810035,82.8257297161032
1015.9366732596762,82.99196274750255
1030.7138124475518,83.1742623437726
1045.7058900743334,83.37342878967262
1060.916032491606,83.57939550281789
1076.3474115247852,83.7823289302589
1092.0032451345498,83.9823289290426
1107.8867980878947,84.1823622219586
1124.0013826389438,84.38336221230806
1140.350359219667,84.58429564228716
1156.9371371406426,84.78226234919481
1173.765175302013,84.97822905724445
1190.837982914782,85.17436221617956
1208.1591202326028,85.37632892668879
1225.73219929421,85.57412919078841
1243.5608846766518,85.7578628735722
1261.648894259477,85.92449669449648
1280.0000000000375,86.06906393411728
1298.6180287200684,86.183464725714
1317.5068629037087,86.26076565389349
1336.6704415071292,86.29403328929456
1356.112760779938,86.28870039692076
1375.8378750985323,86.27093342149362
1395.8498978115715,86.27983223232805
1416.153002097749,86.3500306456755
1436.7514218360407,86.48792945645049
1457.6494524886093,86.67232892484144
1478.8514519965543,86.87749537316914
1500.3618416886875,87.08852866301288
1522.1851072035295,87.29946208805674
1544.3257994247153,87.50746208417914
1566.788535430007,87.71759523817812
1589.5779994541087,87.93566181574214
1612.6989438654878,88.15352866181387
1636.156190157402,88.36129563793476
1659.9546299533442,88.55712919412234
1684.099226027109,88.74402932704193
1708.5950133376978,88.92492945691427
1733.4471000792773,89.09882959023318
1758.6606687464096,89.26682958963949
1784.2409772147755,89.43799603119533
1810.193359837619,89.62222906087831
1836.5232285581387,89.81829563763502
1863.2360740380593,90.014229060109
1890.3374668026197,90.20509590127593
1917.833058402214,90.38906261518439
1945.7285825909298,90.57319577001759
1974.0298565222283,90.76732892383056
2002.7427819620161,90.96729563967962
2031.8733465193618,91.16316248350412
2061.4276248951132,91.35106261418979
2091.411780148677,91.53289616770155
2121.832064983222,91.70476300737475
2152.694823049581,91.86972972281235
2184.0064902691106,92.03589616808408
2215.7735961758003,92.21092945559944
2248.002765277899,92.38686287912714
2280.7007184393456,92.55572971895187
2313.874274281297,92.71972972091774
2347.530350604038,92.88586287549515
2381.6759658295764,93.05889616641215
2416.318240465218,93.23072972004078
2451.4643985884327,93.39149669491862
2487.1217693533167,93.53619709256157
2523.2977885189675,93.66183090929746
2560.0000000000887,93.7697310416111
2597.236057440151,93.87163117442205
2635.0137258074315,93.96539814853449
2673.340883014273,94.04509854666381
2712.225521559891,94.10899867845761
2751.6757501970797,94.16793209908931
2791.699795623158,94.22179894307445
2832.3060041955137,94.26553262839987
2873.502843672097,94.29113315711139
2915.2989049772345,94.2917336856465
2957.7029039931244,94.27146737168269
3000.723683377391,94.23726763601213
3044.370214407075,94.19000132206777
3088.6515988494466,94.12580158629922
3133.57707086003,94.05380158574094
3179.1559989082334,93.98286816461624
3225.3978877309914,93.91486816507854
3272.3123803148205,93.84480158620552
3319.9092599067053,93.76970171889973
3368.198452054235,93.69166842920396
3417.190026675413,93.60840211441035
3466.8942001585724,93.50393606598091
3517.3213374928373,93.37486948544787
3568.4819544295697,93.2556351398112
3620.386719675257,93.19050066068891
3673.0464571162966,93.16353395023343
3726.472148076138,93.13020105726301
3780.6749336052594,93.0758681651249
3835.6661168044484,93.00156856173862
3891.45716518188,92.91033553644914
3948.059713044477,92.81033553633658
4005.4855639240527,92.70926895866823
4063.746693038744,92.60196935476928
4122.855249790247,92.4756031715036
4182.823560297375,92.3262369894341
4243.664129966465,92.1549040972461
4305.389646099183,91.96790409784072
4368.012980538242,91.7840039668003
4431.5471923516225,91.60287080888891
4496.00553055582,91.41163778459098
4561.401436878714,91.20543804642237
4627.748548562617,90.98927160069763
4695.060701208099,90.76433817927219
4763.351931659176,90.54660449445281
4832.63648093046,90.34787080873366
4902.928797176889,90.16300396609759
4974.243538706657,89.98193738612625
5046.595577037959,89.79363778474459
5120.000000000202,89.58950462751599
5194.472114880326,89.380671072608
5270.027451614888,89.18507054369952
5346.6817660285715,89.01770304045654
5424.451043119808,88.8937350073192
5503.351500394186,88.84036618206099
5583.399591246343,88.89669643094051
5664.612008391055,89.10132628399883
5747.005687344222,89.46058995516701
5830.597809954497,89.93978836741555
5915.405807986278,90.47285494556883
6001.447366754812,90.99395613623322
6088.740428814181,91.4494248280308
6177.303197698925,91.80449405137803
6267.154141720092,92.04252998403992
6358.3119978165005,92.16693209972782
6450.795775462017,92.20383355368445
6544.624760629676,92.18323434672625
6639.818519813445,92.13090145379041
6736.396904108505,92.06186816482334
6834.380053350861,91.99610118988296
6933.788400317181,91.9496338179535
7034.642674985712,91.93613315708365
7136.963908859177,91.95373236400377
7240.773439350552,92.00836486002811
7346.092914232631,92.10203064544972
7452.944296152315,92.23252998533387
7561.349867210557,92.38982958873947
7671.332233608935,92.56402932436067
7782.914330363799,92.74689616657857
7896.119426088994,92.91219709199736
8010.971127848146,93.02696538891809
8127.49338607753,93.05930092540049
8245.710499580537,92.98407054437286
8365.647120594791,92.76954056005185
8487.328259932974,92.40007715222086
8610.77929219841,91.88791335102921
8736.025961076528,91.25218230788064
8863.094384703289,90.518917318014
8992.011061111683,89.71921823960531
9122.802873757471,88.88491863830524
9255.497097125279,88.03588534570841
9390.121402416245,87.19221823855398
9526.7038633184,86.37485073832187
9665.272961860968,85.5955831029181
9805.857594353829,84.86244862028333
9948.487077413367,84.18341401297872
10093.19115407597,83.562346110779
10240.000000000457,83.00041136722143
10388.944229760706,82.50350991346735
10540.05490322983,82.07267503761575
10693.363532057198,81.71403989895676
10848.902086239672,81.4374380482411
11006.703000788428,81.24586948619056
11166.799182492743,81.14020105750897
11329.224016782166,81.10926631419994
11494.0113746885,81.1434314389131
11661.195619909053,81.25079629875628
11830.811615972614,81.44549405132263
12002.894733509682,81.74549140814923
12177.48085762842,82.16982165797216
12354.606395397908,82.74261795517397
12534.308283440243,83.4896805698176
12716.62399563306,84.41744358062091
12901.591550924093,85.49834106766865
13089.249521259411,86.67384040636315
13279.637039626952,87.84910936254111
13472.793808217073,88.8744821543105
13668.760106701786,89.57515851557098
13867.576800634426,89.80753659348076
14069.285349971487,89.52568032591675
14273.927817718419,88.80622088464587
14481.54687870117,87.80995721621353
14692.18582846533,86.72445655488488
14905.888592304698,85.70285338135035
15122.699734421185,84.84421559825539
15342.664467217943,84.19714373221117
15565.828660727671,83.7946044943561
15792.238852178061,83.67183090999784
16021.942255696367,83.87468982207187
16254.986772155136,84.42808268490619
16491.42099916115,85.27397885275947
16731.294241189662,86.22408136361173
16974.65651986603,86.96619180540733
17221.558584396902,87.14530885662322
17472.051922153143,86.5120610469205
17726.188769406665,85.04924335372635
17984.022122223458,82.94275327359512
18245.605747515034,80.45862407969582
18510.99419425065,77.84795697126528
18780.242804832582,75.29635379889376
19053.40772663689,72.90448299262897
19330.545923722028,70.70617809613528
19611.71518870775,68.76000240047367
19896.974154826825,67.34778151463856
20186.382308152035,67.022