20,96.80173370694237
20.290906698750476,96.78570038782897
20.586044732869844,96.76770039630259
20.885475648548283,96.74863383869966
21.189261887185914,96.72763384062795
21.49746679841394,96.7056670905463
21.810154653305165,96.6846005503575
22.12739065777668,96.66160051468242
22.449240966187475,96.63756724754862
22.77577269513385,96.61156725006975
23.107053937445478,96.58553393234149
23.44315377638505,96.55853395076844
23.784142300054445,96.53053392645286
24.130090616010463,96.502500647884
24.481070866093134,96.4725006794691
24.837156241469714,96.44250063843431
25.1984209978975,96.41253395723695
25.56494047120865,96.38453395031063
25.936791093020236,96.3565339547411
26.3140504066728,96.32953393258695
26.69679708340074,96.30253397635265
27.08511093873791,96.27450067229431
27.47907294916184,96.24553396045597
27.878765268980047,96.21650067814004
28.284271247461966,96.18650066511185
28.695675446220072,96.15543408732628
29.11306365684382,96.1224007546965
29.536522918790062,96.08740082559177
29.966141537533712,96.05136753566133
30.402009102982383,96.0143674974272
30.844216508158908,95.97633423061731
31.29285596815558,95.93733420657983
31.74802103936409,95.89730089117299
32.20980663898519,95.85630095942692
32.67830906482211,95.81433420926302
33.153626015361866,95.77433418416801
33.63585661014871,95.73436752875564
34.125101410453844,95.69740075887078
34.62146244024586,95.66143409649041
35.12504320746613,95.62746736412115
35.635948725613716,95.5945006376231
36.15428553564419,95.563467358833
36.68016172818701,95.53146739552189
37.21368696608603,95.49843407322872
37.754972507267915,95.46436749278637
38.30413122794313,95.42636747496074
38.86127764614443,95.38733418015079
39.4265279456077,95.34633418205189
40.000000000000206,95.305334200637
40.58181339750116,95.26330090493423
41.1720894657399,95.22026763540632
41.77095129709678,95.17523431653468
42.37852377437204,95.12920103125562
42.9949335968281,95.08220109179675
43.62030930661056,95.03423431782655
44.25478131555359,94.9872010268728
44.89848193237519,94.93920107239741
45.55154539026795,94.89016778607386
46.21410787489121,94.84016773632408
46.88630755277036,94.79116776922933
47.56828460010916,94.7422343744849
48.260181232021196,94.69520103432922
48.962141732186545,94.64820108715055
49.674312482939705,94.6002010859649
50.39684199579528,94.55220106954904
51.129880942417586,94.50416777065853
51.873582186040764,94.45416777853787
52.628100813345895,94.40413450988535
53.393594166801776,94.35320104233959
54.17022187747612,94.30420107770662
54.95814589832399,94.25720107707394
55.75753053796041,94.21126766127203
56.56854249492426,94.16730093115659
57.39135089244048,94.12530093308438
58.226127313687975,94.08223435037699
59.073045837580466,94.03616775685042
59.932283075067765,93.98610117684233
60.804018205965114,93.93306789306132
61.68843301631817,93.87810121133336
62.58571193631152,93.8231011808651
63.49604207872855,93.76910120253459
64.41961327797075,93.71513446733924
65.35661812964459,93.66210118440337
66.3072520307241,93.608101204833
67.27171322029778,93.55310117151754
68.25020282090806,93.5001011929123
69.2429248804921,93.44710121028128
70.25008641493265,93.39310117872047
71.27189745122783,93.33906790931889
72.30857107128878,93.28410116803067
73.36032345637442,93.23010118083185
74.42737393217246,93.17613446493803
75.50994501453623,93.12413446539509
76.60826245588666,93.07316777375686
77.72255529228926,93.0231677695876
78.85305589121582,92.97416777132744
80.00000000000082,92.92516775079623
81.16362679500274,92.87413449647353
82.34417893148023,92.82103461030829
83.541902594194,92.76196804136588
84.75704754874454,92.697901468141
85.98986719365665,92.63083487309464
87.24061861322157,92.56186817400858
88.50956263110764,92.4939014634143
89.79696386475084,92.42896805184664
91.10309078053635,92.36696801088976
92.42821574978288,92.30603461600288
93.77261510554118,92.24803461088496
95.13656920021877,92.19006789488297
96.52036246404286,92.13203462323975
97.92428346437356,92.07306789685443
99.34862496587989,92.01713447607652
100.79368399159105,91.96726764708662
102.25976188483567,91.92536750570046
103.74716437208203,91.88836751084726
105.25620162669229,91.84933421389155
106.78718833360406,91.8062343609821
108.34044375495276,91.75920104814699
109.9162917966485,91.71016775826884
111.51506107592134,91.6590678990235
113.13708498984903,91.60093475223859
114.78270178488147,91.53270173287095
116.45225462737648,91.45256856639939
118.14609167516147,91.36663511964004
119.86456615013608,91.29003459623742
121.60803641193078,91.2363342093295
123.3768660326369,91.19736749782943
125.17142387262359,91.15926762804541
126.99208415745765,91.11416778102917
128.83922655594208,91.06413446641194
130.71323625928977,91.01213447386989
132.61450406144883,90.96120104598212
134.5434264405962,90.91223435488918
136.50040564181674,90.86630092782066
138.48584976098482,90.82643407954603
140.50017282986593,90.7946005234833
142.5437949024563,90.77170039942392
144.61714214257822,90.7547003976478
146.7206469127495,90.73666710401179
148.8547478643456,90.71353395477675
151.01989002907314,90.6823675101524
153.216524911774,90.64230092995575
155.4451105845792,90.59930092645357
157.70611178243232,90.55836750620885
160.00000000000236,90.51936750590517
162.3272535900062,90.47926763277758
164.6883578629612,90.43416776750713
167.08380518838874,90.38313448630684
169.51409509748981,90.33013446958387
171.97973438731407,90.27920105583631
174.4812372264439,90.23226764200554
177.01912526221608,90.18930093126363
179.5939277295025,90.14833421264959
182.20618156107355,90.10833421522089
184.85643149956664,90.06830092935165
187.54523021108326,90.02630092512358
190.27313840043846,89.98330092065507
193.04072492808663,89.94130092005395
195.84856692874806,89.90136750099114
198.69724993176072,89.86340079071363
201.58736798318304,89.82743407967767
204.5195237696723,89.79446737286196
207.49432874416505,89.76450065681199
210.5124032533856,89.73443408180782
213.57437666720915,89.69933421444529
216.68088750990657,89.65930092961558
219.83258359329807,89.61940079687949
223.03012215184378,89.58553394951174
226.2741699796992,89.55753395410437
229.5654035697641,89.5305672367339
232.90450925475412,89.50456724126093
236.2921833503241,89.47853395119772
239.72913230027333,89.4505006615755
243.21607282386276,89.41840078805646
246.75373206527502,89.38233421942938
250.34284774524843,89.3433675074244
253.9841683149166,89.30850066046546
257.67845311188546,89.28270039704061
261.42647251858085,89.26570039480112
265.22900812289896,89.24760052902829
269.08685288119375,89.22360052683005
273.0008112836349,89.19963381914948
276.97169952197106,89.18076697381458
281.00034565973334,89.16996671076514
285.0875898049141,89.16909986831122
289.23428428515797,89.17509986749839
293.44129382550057,89.17893342171183
297.7094957286928,89.1718002637362
302.0397800581479,89.15773368495091
306.4330498235497,89.14073368411856
310.89022116916016,89.1237003969185
315.41222356486645,89.10563381922381
320.00000000000654,89.08363381920825
324.6545071800142,89.06266710566645
329.3767157259242,89.04476697490199
334.16761037677935,89.03280026367493
339.02819019498156,89.02183355381099
343.95946877463007,89.0107669745254
348.9624744528898,88.99573368483759
354.03825052443415,88.97970039572087
359.187855459007,88.96273368505982
364.4123631221491,88.94673368598748
369.71286299913527,88.93073368438525
375.0904604221685,88.91473368585936
380.54627680087896,88.89976697609075
386.08144985617537,88.88576697568735
391.6971338574982,88.87180026354127
397.3944998635236,88.8598002635712
403.1747359663683,88.84883355284637
409.0390475393468,88.83983355401936
414.9886574883323,88.82880026465406
421.0248065067734,88.81680026416745
427.1487533344206,88.80690013213452
433.3617750198154,88.803
439.6651671865984,88.80509986809726
446.06024430368984,88.81216644655144
452.54833995940066,88.82216644643702
459.13080713953053,88.82896671079861
465.8090185095106,88.82383355433113
472.58436670065066,88.81176697566691
479.45826460054917,88.7988002646302
486.432145647728,88.78676697511943
493.50746413055253,88.77173368553417
500.6856954904994,88.75783355320692
507.9683366298358,88.7499334213954
515.3569062237735,88.74490013234687
522.8529450371643,88.73686684311951
530.4580162458005,88.72886684300943
538.1737057623901,88.7219334216513
546.0016225672724,88.71796671083177
553.9433990439449,88.716
562.0006913194694,88.716
570.1751796098309,88.716
578.4685685703187,88.71606657833226
586.8825876510039,88.72216644681812
595.4189914573883,88.73429960446514
604.0795601162986,88.75336618319251
612.8660996471021,88.77429960340709
621.780442338323,88.79119973534333
630.8244471297356,88.80423302556002
640.0000000000159,88.82136618300623
649.3090143600314,88.84549933831158
658.7534314518515,88.87869907529404
668.3352207535618,88.92169907308937
678.0563803899662,88.96156591692744
687.9189375492632,88.99343276159568
697.9249489057827,89.01839947037031
708.0765010488715,89.04346604855343
718.3757109180171,89.07153262690836
728.8247262443015,89.10353262792418
739.425725998274,89.13659920688491
750.1809208443404,89.1726324962004
761.0925536017613,89.21069907553637
772.1628997123541,89.25373236579641
783.3942677149998,89.29983223098642
794.7889997270506,89.35093209847157
806.34947193274,89.41013183501829
818.0780950786972,89.48236486349855
829.9773149766683,89.56743143640784
842.0496130135506,89.65233157243523
854.2975066688449,89.73019841419219
866.7235500396347,89.80216512269587
879.3303343732008,89.87219841170403
892.1204886073838,89.94623170448071
905.0966799188055,90.02129828220878
918.2616142790653,90.1003981523513
931.6180370190256,90.18546472840535
945.1687334013056,90.27453130925453
958.9165292011028,90.36759788295844
972.8642912954606,90.46566446366887
987.0149282611097,90.56773104402792
1001.3713909810035,90.67386419636316
1015.9366732596762,90.78806393646245
1030.7138124475518,90.91629695632969
1045.7058900743334,91.05843011306894
1060.916032491606,91.20433024703189
1076.3474115247852,91.34223038327346
1092.0032451345498,91.47413051458726
1107.8867980878947,91.60106393823202
1124.0013826389438,91.72399735384637
1140.350359219667,91.84293078032984
1156.9371371406426,91.95993077809489
1173.765175302013,92.07699735499658
1190.837982914782,92.20023038103
1208.1591202326028,92.33633024868215
1225.73219929421,92.47526366993205
1243.5608846766518,92.60816379979293
1261.648894259477,92.73713051263701
1280.0000000000375,92.86616380189716
1298.6180287200684,92.99826366701254
1317.5068629037087,93.13533025098016
1336.6704415071292,93.27429696132471
1356.112760779938,93.41226366770981
1375.8378750985323,93.54826366921685
1395.8498978115715,93.68739682910478
1416.153002097749,93.83562985259614
1436.7514218360407,93.99466314222772
1457.6494524886093,94.1515299828795
1478.8514519965543,94.30033024877943
1500.3618416886875,94.43709722424352
1522.1851072035295,94.55983091195309
1544.3257994247153,94.66669775281862
1566.788535430007,94.76976432984667
1589.5779994541087,94.8788974863391
1612.6989438654878,94.99286419869411
1636.156190157402,95.10273104214755
1659.9546299533442,95.2046644649587
1684.099226027109,95.30366446540766
1708.5950133376978,95.4025978855896
1733.4471000792773,95.49646472906188
1758.6606687464096,95.58343143946468
1784.2409772147755,95.67059788330417
1810.193359837619,95.76876433223248
1836.5232285581387,95.8747976205282
1863.2360740380593,95.98173104253267
1890.3374668026197,96.0867976200957
1917.833058402214,96.19806393631991
1945.7285825909298,96.32743011678421
1974.0298565222283,96.47979629601767
2002.7427819620161,96.64989616820331
2031.8733465193618,96.82389616910379
2061.4276248951132,96.99786287848175
2091.411780148677,97.1687297212819
2121.832064983222,97.32839682567447
2152.694823049581,97.46709722606315
2184.0064902691106,97.58989748943439
2215.7735961758003,97.70069775267694
2248.002765277899,97.79636486097921
2280.7007184393456,97.87206525617633
2313.874274281297,97.93296538910506
2347.530350604038,97.99319841299797
2381.6759658295764,98.07163117418615
2416.318240465218,98.17719709174014
2451.4643985884327,98.31882958757444
2487.1217693533167,98.49722906027988
2523.2977885189675,98.69116247969562
2560.0000000000887,98.87576300872541
2597.236057440151,99.03109722425691
2635.0137258074315,99.14533157003285
2673.340883014273,99.21369907514969
2712.225521559891,99.24939947138304
2751.6757501970797,99.2723328925319
2791.699795623158,99.29223302506338
2832.3060041955137,99.30196671072501
2873.502843672097,99.2925006608323
2915.2989049772345,99.2540013211744
2957.7029039931244,99.18866842920673
3000.723683377391,99.10550198275207
3044.370214407075,99.0102689582508
3088.6515988494466,98.90416909017937
3133.57707086003,98.79530224646633
3179.1559989082334,98.69540211475235
3225.3978877309914,98.6014354046674
3272.3123803148205,98.50633553639655
3319.9092599067053,98.403202380015
3368.198452054235,98.29523566869524
3417.190026675413,98.18926895727789
3466.8942001585724,98.08530224782301
3517.3213374928373,97.98650198195554
3568.4819544295697,97.89976829690278
3620.386719675257,97.8279014535156
3673.0464571162966,97.76083487558356
3726.472148076138,97.6897682966138
3780.6749336052594,97.61363514029767
3835.6661168044484,97.52843540469105
3891.45716518188,97.4302689579071
3948.059713044477,97.32733553633658
4005.4855639240527,97.2294686942065
4063.746693038744,97.1353688259622
4122.855249790247,97.03623566791236
4182.823560297375,96.92806922153227
4243.664129966465,96.80776961844612
4305.389646099183,96.67056988325132
4368.012980538242,96.52450330566691
4431.5471923516225,96.373370147896
4496.00553055582,96.21117041277459
4561.401436878714,96.04130356785245
4627.748548562617,95.88796935395139
4695.060701208099,95.77853527170888
4763.351931659176,95.68713580087605
4832.63648093046,95.56553659410947
4902.928797176889,95.41013712315991
4974.243538706657,95.23387080756376
5046.595577037959,95.04160449548463
5120.000000000202,94.83550462751599
5194.472114880326,94.62763778333408
5270.027451614888,94.42777094021424
5346.6817660285715,94.23590409800664
5424.451043119808,94.047837518298
5503.351500394186,93.8558042292859
5583.399591246343,93.66393738707993
5664.612008391055,93.48320370090062
5747.005687344222,93.31843672566728
5830.597809954497,93.16660317252303
5915.405807986278,93.02376961897326
6001.447366754812,92.89413580071523
6088.740428814181,92.78960185089485
6177.303197698925,92.71516776826333
6267.154141720092,92.67266710736317
6358.3119978165005,92.66126631420795
6450.795775462017,92.68903196715637
6544.624760629676,92.76386419927522
6639.818519813445,92.8886631423263
6736.396904108505,93.06049537333969
6834.380053350861,93.28339418279437
6933.788400317181,93.56129299503584
7034.642674985712,93.8952583829309
7136.963908859177,94.28729035076475
7240.773439350552,94.74445547432043
7346.092914232631,95.27258730966426
7452.944296152315,95.86335296630044
7561.349867210557,96.49155270153429
7671.332233608935,97.1189534943279
7782.914330363799,97.69102271431535
7896.119426088994,98.12259391963083
8010.971127848146,98.32903328927303
8127.49338607753,98.25103989927013
8245.710499580537,97.87534611213782
8365.647120594791,97.23061771427344
8487.328259932974,96.38432075082365
8610.77929219841,95.42022220765256
8736.025961076528,94.40708904902358
8863.094384703289,93.39662168056715
8992.011061111683,92.42978680072372
9122.802873757471,91.54031810955898
9255.497097125279,90.74394928100577
9390.121402416245,90.04878019139147
9526.7038633184,89.4656776824822
9665.272961860968,88.9956084604833
9805.857594353829,88.64363910448736
9948.487077413367,88.41466975128462
10093.19115407597,88.30456723944872
10240.000000000457,88.30736486024776
10388.944229760706,88.41596274533957
10540.05490322983,88.61852734149609
10693.363532057198,88.91605864691186
10848.902086239672,89.30029034986168
11006.703000788428,89.75098942678541
11166.799182492743,90.23288955709893
11329.224016782166,90.69175772282365
11494.0113746885,91.06762720950981
11661.195619909053,91.29949801719087
11830.811615972614,91.32863646189699
12002.894733509682,91.12480819530381
12177.48085762842,90.69861242434659
12354.606395397908,90.09754849117522
12534.308283440243,89.39278283645565
12716.62399563306,88.66234875340207
12901.591550924093,87.98391335025198
13089.249521259411,87.4142435995258
13279.637039626952,86.99090674178531
13472.793808217073,86.72873632964662
13668.760106701786,86.6406990747405
13867.576800634426,86.73169510977885
14069.285349971487,86.9994248293486
14273.927817718419,87.42032231822476
14481.54687870117,87.93365520993447
14692.18582846533,88.43285758955165
14905.888592304698,88.79016248081696
15122.699734421185,88.9108681648042
15342.664467217943,88.78027292361858
15565.828660727671,88.45734214579628
15792.238852178061,88.04920898837167
16021.942255696367,87.64960845957664
16254.986772155136,87.24974425990652
16491.42099916115,86.67151916468673
16731.294241189662,85.64726606817133
16974.65651986603,83.97794771367658
17221.558584396902,81.65052685645425
17472.051922153143,78.80633504740956
17726.188769406665,75.64227243244527
17984.022122223458,72.33877310247667
18245.605747515034,69.04087032324983
18510.99419425065,65.95299158237641
18780.242804832582,63.62026342722723
19053.40772663689,62.55494531854045
19330.545923722028,61.979784157643415
19611.71518870775,61.0973886533124
19896.974154826825,60.18901057422331
20186.382308152035,59.957