20,97.30653398714914
20.290906698750476,97.27750064638161
20.586044732869844,97.24750066050431
20.885475648548283,97.21753397652685
21.189261887185914,97.19056726619667
21.49746679841394,97.16560050865554
21.810154653305165,97.1416005503575
22.12739065777668,97.11653393379616
22.449240966187475,97.08843409294818
22.77577269513385,97.0544008077889
23.107053937445478,97.01733418905928
23.44315377638505,96.9783675046143
23.784142300054445,96.94040076258224
24.130090616010463,96.90543406760189
24.481070866093134,96.87243410339833
24.837156241469714,96.83943405689222
25.1984209978975,96.80440080216181
25.56494047120865,96.76836750399299
25.936791093020236,96.73136751000578
26.3140504066728,96.69340077046895
26.69679708340074,96.65740082673912
27.08511093873791,96.62243409526687
27.47907294916184,96.5884340948394
27.878765268980047,96.55343410189204
28.284271247461966,96.51840079813424
28.695675446220072,96.48236750936466
29.11306365684382,96.44433417188499
29.536522918790062,96.40536753812465
29.966141537533712,96.36633424806456
30.402009102982383,96.32633420781809
30.844216508158908,96.28633423061731
31.29285596815558,96.24533420657983
31.74802103936409,96.20433418206952
32.20980663898519,96.16430095942692
32.67830906482211,96.12230091972619
33.153626015361866,96.08030089337642
33.63585661014871,96.03830095283519
34.125101410453844,95.99630088534926
34.62146244024586,95.95430094272345
35.12504320746613,95.913300915409
35.635948725613716,95.87130089267234
36.15428553564419,95.82926761839538
36.68016172818701,95.7852676688426
37.21368696608603,95.74023433436828
37.754972507267915,95.69423433337295
38.30413122794313,95.64823431179458
38.86127764614443,95.6012343071734
39.4265279456077,95.55420101846228
40.000000000000206,95.50616775079627
40.58181339750116,95.45720103421056
41.1720894657399,95.40816776750717
41.77095129709678,95.35816773536378
42.37852377437204,95.30716774089129
42.9949335968281,95.25716780395494
43.62030930661056,95.20616773676798
44.25478131555359,95.15613444577886
44.89848193237519,95.10513449509719
45.55154539026795,95.05413449751681
46.21410787489121,95.00110115523
46.88630755277036,94.94706790153684
47.56828460010916,94.89213451028728
48.260181232021196,94.84016774409294
48.962141732186545,94.78916779911518
49.674312482939705,94.73813450979532
50.39684199579528,94.68510120324268
51.129880942417586,94.6301011923112
51.873582186040764,94.5751012008209
52.628100813345895,94.52010122180401
53.393594166801776,94.46610117263204
54.17022187747612,94.41313450084884
54.95814589832399,94.36320107707395
55.75753053796041,94.31626766127202
56.56854249492426,94.27330093115658
57.39135089244048,94.23126764418362
58.226127313687975,94.18726763949104
59.073045837580466,94.14116775685041
59.932283075067765,94.09010117684232
60.804018205965114,94.03503460352779
61.68843301631817,93.97700134592594
62.58571193631152,93.91700131207234
63.49604207872855,93.85600133614955
64.41961327797075,93.79496801875065
65.35661812964459,93.7339680265372
66.3072520307241,93.67196804999345
67.27171322029778,93.61096801174236
68.25020282090806,93.54796803630671
69.2429248804921,93.48493476774078
70.25008641493265,93.41990144065836
71.27189745122783,93.35290146455439
72.30857107128878,93.28693471766597
73.36032345637442,93.22290144323895
74.42737393217246,93.15790143626751
75.50994501453623,93.09190143684762
76.60826245588666,93.0259347504088
77.72255529228926,92.96190145585562
78.85305589121582,92.89376830156462
80.00000000000082,92.81876827117843
81.16362679500274,92.75023436226506
82.34417893148023,92.71266710700286
83.541902594194,92.6978668440472
84.75704754874454,92.68983355577893
85.98986719365665,92.67563381725832
87.24061861322157,92.65153395400353
88.50956263110764,92.62243408721343
89.79696386475084,92.58730093834771
91.10309078053635,92.54213446074625
92.42821574978288,92.48906790510621
93.77261510554118,92.43406790016479
95.13656920021877,92.37803460541451
96.52036246404286,92.31793475667834
97.92428346437356,92.25186816046609
99.34862496587989,92.18486816102315
100.79368399159105,92.11793475939871
102.25976188483567,92.05600132479022
103.74716437208203,91.99806791072227
105.25620162669229,91.94416776736445
106.78718833360406,91.89420107232914
108.34044375495276,91.8451344688259
109.9162917966485,91.7930678892611
111.51506107592134,91.73703460970292
113.13708498984903,91.67696804123112
114.78270178488147,91.61293475517616
116.45225462737648,91.54790145793443
118.14609167516147,91.48400130705369
119.86456615013608,91.4230013064525
121.60803641193078,91.36200131399426
123.3768660326369,91.30206789153812
125.17142387262359,91.24610117987392
126.99208415745765,91.19416778102917
128.83922655594208,91.1442010459187
130.71323625928977,91.09620105280297
132.61450406144883,91.04716775623137
134.5434264405962,90.99716777705346
136.50040564181674,90.94613448206367
138.48584976098482,90.89513447459981
140.50017282986593,90.84416775725687
142.5437949024563,90.79520106513046
144.61714214257822,90.74723434954439
146.7206469127495,90.7002010496283
148.8547478643456,90.65116777638707
151.01989002907314,90.5991011986376
153.216524911774,90.54510119565741
155.4451105845792,90.49320105880408
157.70611178243232,90.44630092791505
160.00000000000236,90.40326763841651
162.3272535900062,90.35923434335838
164.6883578629612,90.31213447820743
167.08380518838874,90.26010119731863
169.51409509748981,90.20610117995247
171.97973438731407,90.1532010558363
174.4812372264439,90.10623435300579
177.01912526221608,90.06230093126364
179.5939277295025,90.02033421264959
182.20618156107355,89.97930092598195
184.85643149956664,89.93733421843014
187.54523021108326,89.89630092512358
190.27313840043846,89.85530092065507
193.04072492808663,89.81430092005395
195.84856692874806,89.77330092214811
198.69724993176072,89.73233421190403
201.58736798318304,89.69343407967767
204.5195237696723,89.65946737286195
207.49432874416505,89.628500656812
210.5124032533856,89.5974007925024
213.57437666720915,89.55926763588981
216.68088750990657,89.51423435148374
219.83258359329807,89.47030092969274
223.03012215184378,89.43143408154998
226.2741699796992,89.39846737611929
229.5654035697641,89.36746736828788
232.90450925475412,89.33646737385962
236.2921833503241,89.30546737279738
239.72913230027333,89.27346737234721
243.21607282386276,89.24040078805646
246.75373206527502,89.2043675084579
250.34284774524843,89.1674673746732
253.9841683149166,89.13663381767466
257.67845311188546,89.11683355391145
261.42647251858085,89.10786684213383
265.22900812289896,89.09780026451415
269.08685288119375,89.08273368455336
273.0008112836349,89.06573368665417
276.97169952197106,89.0508335527247
281.00034565973334,89.04190013229542
285.0875898049141,89.03803328943707
289.23428428515797,89.03996671083388
293.44129382550057,89.03680026513548
297.7094957286928,89.02263381684972
302.0397800581479,88.99956723804522
306.4330498235497,88.97356723669265
310.89022116916016,88.9485672399934
315.41222356486645,88.92256724090088
320.00000000000654,88.89553395171959
324.6545071800142,88.86960052679974
329.3767157259242,88.84670039630255
334.16761037677935,88.82973368489989
339.02819019498156,88.81373368609758
343.95946877463007,88.79670039581838
348.9624744528898,88.7777003954423
354.03825052443415,88.75870039572087
359.187855459007,88.74066710632478
364.4123631221491,88.72170039673591
369.71286299913527,88.70373368438524
375.0904604221685,88.68673368585935
380.54627680087896,88.67176697609074
386.08144985617537,88.65776697568735
391.6971338574982,88.64480026354127
397.3944998635236,88.632833552976
403.1747359663683,88.62283355284637
409.0390475393468,88.61283355401936
414.9886574883323,88.60176697542974
421.0248065067734,88.58880026416746
427.1487533344206,88.57793342142301
433.3617750198154,88.575
439.6651671865984,88.57609986809724
446.06024430368984,88.58216644655144
452.54833995940066,88.59216644643702
459.13080713953053,88.59896671079862
465.8090185095106,88.59376697606358
472.58436670065066,88.57976697566691
479.45826460054917,88.56680026463019
486.432145647728,88.55473368585078
493.50746413055253,88.53873368553417
500.6856954904994,88.52383355320693
507.9683366298358,88.51486684279078
515.3569062237735,88.50686684312916
522.8529450371643,88.49780026467927
530.4580162458005,88.4858335537618
538.1737057623901,88.47686684330262
546.0016225672724,88.46990013249531
553.9433990439449,88.46496671079413
562.0006913194694,88.463
570.1751796098309,88.46406657838997
578.4685685703187,88.47023302416292
586.8825876510039,88.4873994723635
595.4189914573883,88.51246605139022
604.0795601162986,88.54143276195478
612.8660996471021,88.566366181942
621.780442338323,88.58519973534332
630.8244471297356,88.59826631492574
640.0000000000159,88.61536618300623
649.3090143600314,88.63949933831158
658.7534314518515,88.67166578599434
668.3352207535618,88.71266578389464
678.0563803899662,88.75056591692744
687.9189375492632,88.7814327615957
697.9249489057827,88.80636618117278
708.0765010488715,88.82946604855341
718.3757109180171,88.8574993377266
728.8247262443015,88.88756591716944
739.425725998274,88.92056591761353
750.1809208443404,88.9555992069267
761.0925536017613,88.99269907553638
772.1628997123541,89.03473236579642
783.3942677149998,89.08083223098642
794.7889997270506,89.13093209847158
806.34947193274,89.18909854575304
818.0780950786972,89.25936486349855
829.9773149766683,89.34239814718904
842.0496130135506,89.42629828312435
854.2975066688449,89.5021984141922
866.7235500396347,89.57316512269587
879.3303343732008,89.64323170091804
892.1204886073838,89.71829828310129
905.0966799188055,89.7963648607836
918.2616142790653,89.88049802037641
931.6180370190256,89.97163117481506
945.1687334013056,90.069664466581
958.9165292011028,90.16969775064334
972.8642912954606,90.27173104221563
987.0149282611097,90.37576433333615
1001.3713909810035,90.48283090714239
1015.9366732596762,90.59499735786689
1030.7138124475518,90.71926366710751
1045.7058900743334,90.85733024540858
1060.916032491606,90.99723037930195
1076.3474115247852,91.1290972260631
1092.0032451345498,91.25299735742556
1107.8867980878947,91.37193078092672
1124.0013826389438,91.48793077538484
1140.350359219667,91.60599735896191
1156.9371371406426,91.73023038159238
1173.765175302013,91.86852998299565
1190.837982914782,92.0269294556812
1208.1591202326028,92.20506261255368
1225.73219929421,92.38582958741505
1243.5608846766518,92.55049669206878
1261.648894259477,92.69619709115692
1280.0000000000375,92.82499735559736
1298.6180287200684,92.94393077480481
1317.5068629037087,93.05993077938358
1336.6704415071292,93.17493077908453
1356.112760779938,93.28996406463057
1375.8378750985323,93.40906393369771
1395.8498978115715,93.53629696122543
1416.153002097749,93.6775632740494
1436.7514218360407,93.83262985294986
1457.6494524886093,93.9885299828795
1478.8514519965543,94.13736353804771
1500.3618416886875,94.27613051351722
1522.1851072035295,94.39986420126131
1544.3257994247153,94.50869775281862
1566.788535430007,94.61076432984666
1589.5779994541087,94.71886419710509
1612.6989438654878,94.83083090943171
1636.156190157402,94.93869775287548
1659.9546299533442,95.03963117565952
1684.099226027109,95.13759788679134
1708.5950133376978,95.2335645963065
1733.4471000792773,95.32439815046814
1758.6606687464096,95.40636486088493
1784.2409772147755,95.48949801559766
1810.193359837619,95.58269775365767
1836.5232285581387,95.68473104199012
1863.2360740380593,95.7886977532532
1890.3374668026197,95.89176433083468
1917.833058402214,96.00099735772895
1945.7285825909298,96.12736353824218
1974.0298565222283,96.27666313906445
2002.7427819620161,96.43869643246515
2031.8733465193618,96.59852998680331
2061.4276248951132,96.74729696064234
2091.411780148677,96.88099735703555
2121.832064983222,96.99356459453752
2152.694823049581,97.083298282801
2184.0064902691106,97.1624647286862
2215.7735961758003,97.25589748828601
2248.002765277899,97.38272972195843
2280.7007184393456,97.56596142140575
2313.874274281297,97.82425970615859
2347.530350604038,98.1550253542398
2381.6759658295764,98.51785891136251
2416.318240465218,98.85592681178095
2451.4643985884327,99.13169510847956
2487.1217693533167,99.33452998537392
2523.2977885189675,99.47056459521782
2560.0000000000887,99.5529653885908
2597.236057440151,99.60456591765663
2635.0137258074315,99.63223302475575
2673.340883014273,99.64196671070715
2712.225521559891,99.64
2751.6757501970797,99.64313315701276
2791.699795623158,99.65419973576861
2832.3060041955137,99.66609986782497
2873.502843672097,99.6688668428886
2915.2989049772345,99.6535006605872
2957.7029039931244,99.6192676360637
3000.723683377391,99.57100132183473
3044.370214407075,99.5067017186881
3088.6515988494466,99.42446869360455
3133.57707086003,99.33140211432125
3179.1559989082334,99.23536882547636
3225.3978877309914,99.13310251204346
3272.3123803148205,99.01373632949931
3319.9092599067053,98.8726697518713
3368.198452054235,98.74573500774376
3417.190026675413,98.69306657856623
3466.8942001585724,98.70213315703349
3517.3213374928373,98.70266710710123
3568.4819544295697,98.67526763599625
3620.386719675257,98.62803461066522
3673.0464571162966,98.5658015863145
3726.472148076138,98.48956856092956
3780.6749336052594,98.40140211547046
3835.6661168044484,98.30216909059591
3891.45716518188,98.18796935446794
3948.059713044477,98.06593606505736
4005.4855639240527,97.94293606610442
4063.746693038744,97.81576961917281
4122.855249790247,97.67756988221893
4182.823560297375,97.52630356800195
4243.664129966465,97.35797067579996
4305.389646099183,97.17173765148806
4368.012980538242,96.97473765273809
4431.5471923516225,96.77663778401893
4496.00553055582,96.57140475976065
4561.401436878714,96.35103857499311
4627.748548562617,96.10553923654896
4695.060701208099,95.82903989737778
4763.351931659176,95.52684016313906
4832.63648093046,95.21687345260621
4902.928797176889,94.91223963502173
4974.243538706657,94.63700528625162
5046.595577037959,94.40857120622468
5120.000000000202,94.20347133825422
5194.472114880326,93.98827160132096
5270.027451614888,93.76220502251984
5346.6817660285715,93.53527160190046
5424.451043119808,93.31230488980083
5503.351500394186,93.09143804722491
5583.399591246343,92.8807376514547
5664.612008391055,92.6922037009006
5747.005687344222,92.53160317205253
5830.597809954497,92.39290277595765
5915.405807986278,92.27013580093288
6001.447366754812,92.16353527199054
6088.740428814181,92.08406790059657
6177.303197698925,92.03760052876639
6267.154141720092,92.02106657852737
6358.3119978165005,92.03263249624388
6450.795775462017,92.08129828126124
6544.624760629676,92.17309722418463
6639.818519813445,92.31186287800077
6736.396904108505,92.4976951089591
6834.380053350861,92.7356937861667
6933.788400317181,93.03372575563627
7034.642674985712,93.39479101126545
7136.963908859177,93.8220560040414
7240.773439350552,94.32745415238978
7346.092914232631,94.91885230191161
7452.944296152315,95.59098414105517
7561.349867210557,96.32361663685016
7671.332233608935,97.08241690095086
7782.914330363799,97.81088559162289
7896.119426088994,98.42175640053613
8010.971127848146,98.81929563803074
8127.49338607753,98.93300264400139
8245.710499580537,98.72457649312666
8365.647120594791,98.19781612792058
8487.328259932974,97.40755377575833
8610.77929219841,96.45008905057044
8736.025961076528,95.42698918120286
8863.094384703289,94.41692128397142
8992.011061111683,93.47765232190794
9122.802873757471,92.64868296967597
9255.497097125279,91.9417469020712
9390.121402416245,91.36204386235363
9526.7038633184,90.92364042751854
9665.272961860968,90.64766975121788
9805.857594353829,90.55876565341062
9948.487077413367,90.64399603406264
10093.19115407597,90.85062720897145
10240.000000000457,91.15309193720341
10388.944229760706,91.534957458157
10540.05490322983,91.95589088007125
10693.363532057198,92.35352601861193
10848.902086239672,92.64249669515812
11006.703000788428,92.72713580041673
11166.799182492743,92.53717569955577
11329.224016782166,92.04634875375233
11494.0113746885,91.28482008966567
11661.195619909053,90.33472286839867
11830.811615972614,89.2778240590952
12002.894733509682,88.18822352845288
12177.48085762842,87.13962167651961
12354.606395397908,86.18668561396902
12534.308283440243,85.36404915064736
12716.62399563306,84.68771229199764
12901.591550924093,84.17237543465394
13089.249521259411,83.8181051551267
13279.637039626952,83.62566842922492
13472.793808217073,83.58289881028736
13668.760106701786,83.66549669550174
13867.576800634426,83.83129563845141
14069.285349971487,84.03116248076745
14273.927817718419,84.20479762073656
14481.54687870117,84.26846869362697
14692.18582846533,84.09500925336968
14905.888592304698,83.57801718401458
15122.699734421185,82.71415695103077
15342.664467217943,81.58396118117568
15565.828660727671,80.29866157727703
15792.238852178061,79.08958574492615
16021.942255696367,78.4575645958328
16254.986772155136,78.79814794169245
16491.42099916115,79.66585098246328
16731.294241189662,80.19733421448643
16974.65651986603,79.92205311490378
17221.558584396902,78.82980134409186
17472.051922153143,77.1244111229615
17726.188769406665,75.02381720195542
17984.022122223458,72.67898762040461
18245.605747515034,70.18972262564367
18510.99419425065,67.64682249233805
18780.242804832582,65.1310541954458
19053.40772663689,62.696652082775024
19330.545923722028,60.362849168589534
19611.71518870775,58.20854031619408
19896.974154826825,56.61225020803136
20186.382308152035,56.242