20,90.09893202570173
20.290906698750476,90.15486554627188
20.586044732869844,90.2057656538934
20.885475648548283,90.24966574781878
21.189261887185914,90.28753259545027
21.49746679841394,90.31843278228982
21.810154653305165,90.34333287470209
22.12739065777668,90.36329961398819
22.449240966187475,90.37923302055076
22.77577269513385,90.39216644228085
23.107053937445478,90.40106658109407
23.44315377638505,90.40506657846166
23.784142300054445,90.40803329096765
24.130090616010463,90.41006658028213
24.481070866093134,90.41413315214157
24.837156241469714,90.42319974462627
25.1984209978975,90.4372995989191
25.56494047120865,90.4563661818988
25.936791093020236,90.4794660452589
26.3140504066728,90.50853264847204
26.69679708340074,90.54259917326088
27.08511093873791,90.58063248176056
27.47907294916184,90.61966577077717
27.878765268980047,90.65963247435596
28.284271247461966,90.69759920186577
28.695675446220072,90.73256591267372
29.11306365684382,90.76546607968051
29.536522918790062,90.79343273707262
29.966141537533712,90.81733287596772
30.402009102982383,90.83626631687275
30.844216508158908,90.85013315387653
31.29285596815558,90.85806657934202
31.74802103936409,90.86103329089653
32.20980663898519,90.86306657529268
32.67830906482211,90.8660665790737
33.153626015361866,90.8710998723748
33.63585661014871,90.87713315184091
34.125101410453844,90.88616645586922
34.62146244024586,90.89619973065045
35.12504320746613,90.90923302819701
35.635948725613716,90.92326632660101
36.15428553564419,90.93923303051055
36.68016172818701,90.95426630223905
37.21368696608603,90.96926631848059
37.754972507267915,90.98423302897345
38.30413122794313,90.99816645395771
38.86127764614443,91.00813316396984
39.4265279456077,91.01506658179481
40.000000000000206,91.01903328996815
40.58181339750116,91.02203329024123
41.1720894657399,91.02403328929971
41.77095129709678,91.02503329058545
42.37852377437204,91.02703329036434
42.9949335968281,91.0290665756836
43.62030930661056,91.03309987158784
44.25478131555359,91.0390998716409
44.89848193237519,91.04509986595032
45.55154539026795,91.0510665771141
46.21410787489121,91.05506658109408
46.88630755277036,91.058
47.56828460010916,91.059
48.260181232021196,91.059
48.962141732186545,91.059
49.674312482939705,91.06
50.39684199579528,91.06
51.129880942417586,91.06
51.873582186040764,91.06
52.628100813345895,91.05996671191868
53.393594166801776,91.059
54.17022187747612,91.059
54.95814589832399,91.06003328845526
55.75753053796041,91.062033288124
56.56854249492426,91.06506657798508
57.39135089244048,91.0690665778015
58.226127313687975,91.07203328911405
59.073045837580466,91.07296671027402
59.932283075067765,91.06993342050683
60.804018205965114,91.06493342093295
61.68843301631817,91.05890013459259
62.58571193631152,91.05186684160965
63.49604207872855,91.04286684481994
64.41961327797075,91.0338335514114
65.35661812964459,91.02386684213383
66.3072520307241,91.01586684516045
67.27171322029778,91.00790013016861
68.25020282090806,91.0019001325458
69.2429248804921,90.99590013447569
70.25008641493265,90.98986684129191
71.27189745122783,90.98183355523551
72.30857107128878,90.9718335496353
73.36032345637442,90.96283355200589
74.42737393217246,90.9528668407597
75.50994501453623,90.94486684083
76.60826245588666,90.93790013285083
77.72255529228926,90.93290013235053
78.85305589121582,90.9279334217062
80.00000000000082,90.92390013009556
81.16362679500274,90.91686684561131
82.34417893148023,90.90576697490201
83.541902594194,90.88860053214162
84.75704754874454,90.86350066733682
85.98986719365665,90.83350065989771
87.24061861322157,90.80350066500378
88.50956263110764,90.77553395417576
89.79696386475084,90.7496005361987
91.10309078053635,90.72563381031573
92.42821574978288,90.7036005307598
93.77261510554118,90.68056723936222
95.13656920021877,90.65456723690995
96.52036246404286,90.62650066719297
97.92428346437356,90.59546736963111
99.34862496587989,90.56350065927491
100.79368399159105,90.53453395723693
102.25976188483567,90.50860052991608
103.74716437208203,90.48566711097224
105.25620162669229,90.46566710694577
106.78718833360406,90.44566711347048
108.34044375495276,90.42566710339457
109.9162917966485,90.40460052396905
111.51506107592134,90.37953394951175
113.13708498984903,90.34936750914166
114.78270178488147,90.30916777748138
116.45225462737648,90.25810119285543
118.14609167516147,90.20416775587807
119.86456615013608,90.15846736344135
121.60803641193078,90.1286005255977
123.3768660326369,90.10563381453282
125.17142387262359,90.08256723475411
126.99208415745765,90.05653395737635
128.83922655594208,90.02853394345259
130.71323625928977,89.99950065800186
132.61450406144883,89.96946736398807
134.5434264405962,89.93540079947849
136.50040564181674,89.89730092782065
138.48584976098482,89.85423434291522
140.50017282986593,89.81030091609578
142.5437949024563,89.76936750989493
144.61714214257822,89.73136750614536
146.7206469127495,89.69333420802359
148.8547478643456,89.65326764322062
151.01989002907314,89.6103009322737
153.216524911774,89.56940079710492
155.4451105845792,89.53453395096905
157.70611178243232,89.50760053023717
160.00000000000236,89.48463381920826
162.3272535900062,89.4615672375504
164.6883578629612,89.43343408190485
167.08380518838874,89.39840079821242
169.51409509748981,89.3603674970036
171.97973438731407,89.32236750253706
174.4812372264439,89.28536750900479
177.01912526221608,89.24836750923852
179.5939277295025,89.21033421264958
182.20618156107355,89.1703342152209
184.85643149956664,89.12930092935164
187.54523021108326,89.08626763584375
190.27313840043846,89.04223434166984
193.04072492808663,88.99520105149023
195.84856692874806,88.9471344750405
198.69724993176072,88.89616776488003
201.58736798318304,88.8472343430933
204.5195237696723,88.80230092688132
207.49432874416505,88.76030091953679
210.5124032533856,88.7172676352807
213.57437666720915,88.6701677680566
216.68088750990657,88.61913448428598
219.83258359329807,88.56820106250599
223.03012215184378,88.52230092426761
226.2741699796992,88.48130093115655
229.5654035697641,88.44033421035985
232.90450925475412,88.39933421732452
236.2921833503241,88.35830092679656
239.72913230027333,88.31526763697742
243.21607282386276,88.27020105074196
246.75373206527502,88.22216777428673
250.34284774524843,88.17220106200978
253.9841683149166,88.12630092465163
257.67845311188546,88.08843408329894
261.42647251858085,88.05646736853531
265.22900812289896,88.02233421504714
269.08685288119375,87.98123434309092
273.0008112836349,87.93626763829896
276.97169952197106,87.89436750035387
281.00034565973334,87.8575006614771
285.0875898049141,87.8286005267551
289.23428428515797,87.8045672408403
293.44129382550057,87.77536750626233
297.7094957286928,87.73516776556755
302.0397800581479,87.68510118670932
306.4330498235497,87.63213447338528
310.89022116916016,87.58010119075551
315.41222356486645,87.5270679034788
320.00000000000654,87.47106790343918
324.6545071800142,87.4151011852994
329.3767157259242,87.36216776750712
334.16761037677935,87.3132343440872
339.02819019498156,87.26623434753054
343.95946877463007,87.21916776616214
348.9624744528898,87.1701677651175
354.03825052443415,87.12016776589128
359.187855459007,87.07016776581196
364.4123631221491,87.02020105796242
369.71286299913527,86.97120105315572
375.0904604221685,86.92320105757808
380.54627680087896,86.87620106088254
386.08144985617537,86.83023434868699
391.6971338574982,86.78526763298466
397.3944998635236,86.74130092249922
403.1747359663683,86.70030092195474
409.0390475393468,86.65830092688131
414.9886574883323,86.61626763706491
421.0248065067734,86.57130092458611
427.1487533344206,86.53036750351862
433.3617750198154,86.49450065939244
439.6651671865984,86.46456723824525
446.06024430368984,86.43963381758682
452.54833995940066,86.41763381783856
459.13080713953053,86.39243408357645
465.8090185095106,86.35626763905695
472.58436670065066,86.3112676378103
479.45826460054917,86.26830092620571
486.432145647728,86.22623434682097
493.50746413055253,86.18123434591074
500.6856954904994,86.13740079154496
507.9683366298358,86.10146737116314
515.3569062237735,86.06843408329892
522.8529450371643,86.03336750481769
530.4580162458005,85.99643408279006
538.1737057623901,85.9625006623848
546.0016225672724,85.93353395164478
553.9433990439449,85.90660052952946
562.0006913194694,85.88360052918168
570.1751796098309,85.85956724046517
578.4685685703187,85.83360053000642
586.8825876510039,85.80856723827286
595.4189914573883,85.78360052737982
604.0795601162986,85.76170039556976
612.8660996471021,85.74370039659291
621.780442338323,85.72566710776111
630.8244471297356,85.7078002638057
640.0000000000159,85.69793342127159
649.3090143600314,85.69609986766231
658.7534314518515,85.70526631439773
668.3352207535618,85.72333289194732
678.0563803899662,85.74219973538617
687.9189375492632,85.75309986806054
697.9249489057827,85.75806657839505
708.0765010488715,85.76313315672955
718.3757109180171,85.77316644590886
728.8247262443015,85.78523302471683
739.425725998274,85.80029960344245
750.1809208443404,85.81836618201076
761.0925536017613,85.84143276104632
772.1628997123541,85.86953262967012
783.3942677149998,85.90259920631021
794.7889997270506,85.9406990738537
806.34947193274,85.98693209942682
818.0780950786972,86.04716512737681
829.9773149766683,86.1192649903139
842.0496130135506,86.19316512588082
854.2975066688449,86.26106525705973
866.7235500396347,86.32506525503622
879.3303343732008,86.39013183327603
892.1204886073838,86.46019841517044
905.0966799188055,86.53433157149618
918.2616142790653,86.615431441693
931.6180370190256,86.70356459625117
945.1687334013056,86.7996311772494
958.9165292011028,86.89866446141504
972.8642912954606,86.99973104221564
987.0149282611097,87.10476433333615
1001.3713909810035,87.21186419636315
1015.9366732596762,87.32606393646245
1030.7138124475518,87.45436353477402
1045.7058900743334,87.5984966915092
1060.916032491606,87.74639682551852
1076.3474115247852,87.88826367257604
1092.0032451345498,88.02319709316811
1107.8867980878947,88.15516380621098
1124.0013826389438,88.28409722153869
1140.350359219667,88.41009722691001
1156.9371371406426,88.53509722448239
1173.765175302013,88.66216380124628
1190.837982914782,88.79536353810643
1208.1591202326028,88.93739682721592
1225.73219929421,89.07919709140462
1243.5608846766518,89.20799735365503
1261.648894259477,89.32583090929742
1280.0000000000375,89.43476433077768
1298.6180287200684,89.5396977502594
1317.5068629037087,89.64169775428556
1336.6704415071292,89.74159788613892
1356.112760779938,89.83546472616517
1375.8378750985323,89.92346472714031
1395.8498978115715,90.01259788606986
1416.153002097749,90.1118309100353
1436.7514218360407,90.2228641995594
1457.6494524886093,90.33379761941437
1478.8514519965543,90.43966446341388
1500.3618416886875,90.53959788513791
1522.1851072035295,90.63456459748717
1544.3257994247153,90.72863117427671
1566.788535430007,90.82983090833145
1589.5779994541087,90.94296406480714
1612.6989438654878,91.0619307772189
1636.156190157402,91.17576433141963
1659.9546299533442,91.28069775425786
1684.099226027109,91.38163117609949
1708.5950133376978,91.47859788558961
1733.4471000792773,91.57246472906188
1758.6606687464096,91.66046472875456
1784.2409772147755,91.75066446177517
1810.193359837619,91.8538974893821
1836.5232285581387,91.96793077760435
1863.2360740380593,92.08289748893004
1890.3374668026197,92.1947976200957
1917.833058402214,92.30279762195606
1945.7285825909298,92.41403064553202
1974.0298565222283,92.53919708972818
2002.7427819620161,92.67223038240944
2031.8733465193618,92.80409722590275
2061.4276248951132,92.92903064636496
2091.411780148677,93.04789748918378
2121.832064983222,93.15876433001038
2152.694823049581,93.26273104373466
2184.0064902691106,93.3688974894344
2215.7735961758003,93.48399735609053
2248.002765277899,93.60396406823838
2280.7007184393456,93.7198974875641
2313.874274281297,93.8339307782101
2347.530350604038,93.95413051199638
2381.6759658295764,94.08423038103004
2416.318240465218,94.21713051320258
2451.4643985884327,94.3439973559349
2487.1217693533167,94.46076433190551
2523.2977885189675,94.56359788447779
2560.0000000000887,94.65856459530234
2597.236057440151,94.75463117442204
2635.0137258074315,94.85153130553776
2673.340883014273,94.9423981502994
2712.225521559891,95.02543143912257
2751.6757501970797,95.11149801639354
2791.699795623158,95.20146472896982
2832.3060041955137,95.28833157099969
2873.502843672097,95.36506525689111
2915.2989049772345,95.42479894306048
2957.7029039931244,95.47066578539663
3000.723683377391,95.51056591762699
3044.370214407075,95.5423994711729
3088.6515988494466,95.5632996034252
3133.57707086003,95.58033289284974
3179.1559989082334,95.59933289275993
3225.3978877309914,95.61723302483678
3272.3123803148205,95.62593342145587
3319.9092599067053,95.61766710741018
3368.198452054235,95.59350066095148
3417.190026675413,95.5592343464883
3466.8942001585724,95.5090346115072
3517.3213374928373,95.44796803201382
3568.4819544295697,95.38603461108598
3620.386719675257,95.32696803209042
3673.0464571162966,95.26383487558356
3726.472148076138,95.1917350073331
3780.6749336052594,95.11363514029767
3835.6661168044484,95.02946869395295
3891.45716518188,94.93430224717812
3948.059713044477,94.8312023792435
4005.4855639240527,94.72103593387357
4063.746693038744,94.59870304064066
4122.855249790247,94.45533685722621
4182.823560297375,94.29100396444662
4243.664129966465,94.1046044937538
4305.389646099183,93.89743804805329
4368.012980538242,93.68243804941812
4431.5471923516225,93.46840475914895
4496.00553055582,93.25230489197622
4561.401436878714,93.03020502142198
4627.748548562617,92.80007186502073
4695.060701208099,92.56307186503743
4763.351931659176,92.33130489102216
4832.63648093046,92.11453791604575
4902.928797176889,91.90757120564503
4974.243538706657,91.69837146834521
5046.595577037959,91.47603857806541
5120.000000000202,91.23493871006619
5194.472114880326,90.9920052871296
5270.027451614888,90.75520502251983
5346.6817660285715,90.53033818043797
5424.451043119808,90.31137146836296
5503.351500394186,90.09450462578145
5583.399591246343,89.88990409780905
5664.612008391055,89.71243672582557
5747.005687344222,89.56903593265415
5830.597809954497,89.45846869355637
5915.405807986278,89.37290145412116
6001.447366754812,89.31646737163291
6088.740428814181,89.29516644632204
6177.303197698925,89.31583223173666
6267.154141720092,89.37539814907468
6358.3119978165005,89.4700639351116
6450.795775462017,89.60476300883802
6544.624760629676,89.78139550582273
6639.818519813445,89.99599471348945
6736.396904108505,90.24779365486586
6834.380053350861,90.5518921996561
6933.788400317181,90.92622377309924
7034.642674985712,91.38052205335272
7136.963908859177,91.91382033550502
7240.773439350552,92.52401874803175
7346.092914232631,93.20285098000164
7452.944296152315,93.91885098393234
7561.349867210557,94.61771914793073
7671.332233608935,95.22825574111478
7782.914330363799,95.66736089450336
7896.119426088994,95.85026763600088
8010.971127848146,95.71777490594195
8127.49338607753,95.26191467420773
8245.710499580537,94.53008640771635
8365.647120594791,93.58962300211624
8487.328259932974,92.52359103016025
8610.77929219841,91.41675747974922
8736.025961076528,90.33265628846709
8863.094384703289,89.30995457323854
8992.011061111683,88.37055245407899
9122.802873757471,87.53021691987993
9255.497097125279,86.78884809153848
9390.121402416245,86.14444597696857
9526.7038633184,85.5960105751829
9665.272961860968,85.13734214633678
9805.857594353829,84.75870700468315
9948.487077413367,84.46303857718385
10093.19115407597,84.24530356887276
10240.000000000457,84.10466842902657
10388.944229760706,84.04493342145304
10540.05490322983,84.06009854609832
10693.363532057198,84.14413051319977
10848.902086239672,84.2847630093083
11006.703000788428,84.45699603504453
11166.799182492743,84.6357962987186
11329.224016782166,84.79409722432459
11494.0113746885,84.90719841397377
11661.195619909053,84.96213315708364
11830.811615972614,84.95203461119736
12002.894733509682,84.87693606510128
12177.48085762842,84.73577094028944
12354.606395397908,84.52253923784151
12534.308283440243,84.23104121996066
12716.62399563306,83.84950991290133
12901.591550924093,83.37711176408342
13089.249521259411,82.82511308609084
13279.637039626952,82.2227136157625
13472.793808217073,81.60804650829915
13668.760106701786,81.02404518546707
13867.576800634426,80.50957649116499
14069.285349971487,80.09457384878849
14273.927817718419,79.8049040976204
14481.54687870117,79.65943408242735
14692.18582846533,79.66603064544977
14905.888592304698,79.82742747314374
15122.699734421185,80.12719180430648
15342.664467217943,80.51142482916629
15565.828660727671,80.87119444814836
15792.238852178061,81.05333421454624
16021.942255696367,80.9129759633889
16254.986772155136,80.38785073654468
16491.42099916115,79.52062299762406
16731.294241189662,78.44212498069065
16974.65651986603,77.31932339424033
17221.558584396902,76.30465232440102
17472.051922153143,75.51214637502142
17726.188769406665,74.99690674097575
17984.022122223458,74.75990145411798
18245.605747515034,74.73713183521899
18510.99419425065,74.8098988103448
18780.242804832582,74.83143540421622
19053.40772663689,74.6786737167885
19330.545923722028,74.30041136693198
19611.71518870775,73.76311176439762
19896.974154826825,73.28700528711165
20186.382308152035,73.171