20,90.14809845886275
20.290906698750476,90.21199870723679
20.586044732869844,90.26986552179254
20.885475648548283,90.31973232260067
21.189261887185914,90.36159916988156
21.49746679841394,90.39649936418056
21.810154653305165,90.4253994496425
22.12739065777668,90.44933290443132
22.449240966187475,90.46829959785097
22.77577269513385,90.4842330191932
23.107053937445478,90.49613316218814
23.44315377638505,90.50306657846166
23.784142300054445,90.50709987290297
24.130090616010463,90.51313316056427
24.481070866093134,90.52123301624775
24.837156241469714,90.53529961693941
25.1984209978975,90.55439946522547
25.56494047120865,90.57843276042586
25.936791093020236,90.60549933420597
26.3140504066728,90.63756593900155
26.69679708340074,90.67363246066427
27.08511093873791,90.71369905878798
27.47907294916184,90.75573234785489
27.878765268980047,90.79969905060396
28.284271247461966,90.84166577985086
28.695675446220072,90.88059920165453
29.11306365684382,90.91549937108626
29.536522918790062,90.94443273707262
29.966141537533712,90.96933287596772
30.402009102982383,90.98829960648186
30.844216508158908,91.00419973081482
31.29285596815558,91.01616644835505
31.74802103936409,91.0251331635861
32.20980663898519,91.032099862939
32.67830906482211,91.0391331581474
33.153626015361866,91.0471331631664
33.63585661014871,91.05616643980115
34.125101410453844,91.06623303821692
34.62146244024586,91.08023301909219
35.12504320746613,91.09529960768185
35.635948725613716,91.11333290825127
36.15428553564419,91.13333290072937
36.68016172818701,91.15433287779882
37.21368696608603,91.17433289810076
37.754972507267915,91.19223302897345
38.30413122794313,91.2041664539577
38.86127764614443,91.21309987297738
39.4265279456077,91.2190665817948
40.000000000000206,91.2240665799363
40.58181339750116,91.22806658048245
41.1720894657399,91.23206657859943
41.77095129709678,91.23603329058545
42.37852377437204,91.2390665807287
42.9949335968281,91.2430665756836
43.62030930661056,91.24809987158784
44.25478131555359,91.25413316218787
44.89848193237519,91.26113315460043
45.55154539026795,91.26809986567113
46.21410787489121,91.27409987164111
46.88630755277036,91.27906657846165
47.56828460010916,91.28306657613174
48.260181232021196,91.28603329023629
48.962141732186545,91.289
49.674312482939705,91.2900332880848
50.39684199579528,91.291
51.129880942417586,91.292
51.873582186040764,91.29203328885849
52.628100813345895,91.293
53.393594166801776,91.293
54.17022187747612,91.2930332884289
54.95814589832399,91.29503328845526
55.75753053796041,91.297066576248
56.56854249492426,91.30106657798508
57.39135089244048,91.3050665778015
58.226127313687975,91.30903328911404
59.073045837580466,91.311
59.932283075067765,91.311
60.804018205965114,91.30990013139943
61.68843301631817,91.3039001345926
62.58571193631152,91.29686684160964
63.49604207872855,91.28786684481993
64.41961327797075,91.27986684112912
65.35661812964459,91.27186684213383
66.3072520307241,91.26486684516044
67.27171322029778,91.25790013016861
68.25020282090806,91.2519001325458
69.2429248804921,91.2448668459676
70.25008641493265,91.2368335516149
71.27189745122783,91.22686684418842
72.30857107128878,91.21783354963532
73.36032345637442,91.2088335520059
74.42737393217246,91.19983355094962
75.50994501453623,91.19086684083001
76.60826245588666,91.18290013285083
77.72255529228926,91.17586684313402
78.85305589121582,91.16886684341239
80.00000000000082,91.1618668401274
81.16362679500274,91.15383355701414
82.34417893148023,91.14173368560229
83.541902594194,91.12460053214163
84.75704754874454,91.09850066733682
85.98986719365665,91.06743408121739
87.24061861322157,91.0334340870043
88.50956263110764,90.99946737620087
89.79696386475084,90.96646738159826
91.10309078053635,90.93446736045924
92.42821574978288,90.90250066344977
93.77261510554118,90.87150066080257
95.13656920021877,90.84046736850455
96.52036246404286,90.80843408948537
97.92428346437356,90.77543408023304
99.34862496587989,90.7414007911299
100.79368399159105,90.7043009358554
102.25976188483567,90.66330092735315
103.74716437208203,90.6203009330417
105.25620162669229,90.57936750319698
106.78718833360406,90.54140080424686
108.34044375495276,90.5053674964497
109.9162917966485,90.46630091694583
111.51506107592134,90.42536750290881
113.13708498984903,90.38853395410437
114.78270178488147,90.36486684439701
116.45225462737648,90.36326631322802
118.14609167516147,90.38233289764878
119.86456615013608,90.397
121.60803641193078,90.39290013139943
123.3768660326369,90.38696671041208
125.17142387262359,90.3849667103657
126.99208415745765,90.384
128.83922655594208,90.384
130.71323625928977,90.38083355266728
132.61450406144883,90.36866710249255
134.5434264405962,90.34660053298565
136.50040564181674,90.32263381933463
138.48584976098482,90.29963381617684
140.50017282986593,90.27556723377357
142.5437949024563,90.24746737675365
144.61714214257822,90.2134007952956
146.7206469127495,90.17630091842477
148.8547478643456,90.13426764322062
151.01989002907314,90.08920106545565
153.216524911774,90.04226764090603
155.4451105845792,89.99933421567007
157.70611178243232,89.96243408450265
160.00000000000236,89.92846737339383
162.3272535900062,89.89540079045439
164.6883578629612,89.857300924706
167.08380518838874,89.81323435327143
169.51409509748981,89.76620104884664
171.97973438731407,89.71930092385676
174.4812372264439,89.67836750900479
177.01912526221608,89.64043408721342
179.5939277295025,89.60646737011967
182.20618156107355,89.57343408293775
184.85643149956664,89.53943408566562
187.54523021108326,89.50436750368323
190.27313840043846,89.46530092065507
193.04072492808663,89.42430092005395
195.84856692874806,89.38223434330506
198.69724993176072,89.33516776488003
201.58736798318304,89.28516776423186
204.5195237696723,89.23723434848907
207.49432874416505,89.19123434044505
210.5124032533856,89.144134478059
213.57437666720915,89.09103461094566
216.68088750990657,89.03200132802228
219.83258359329807,88.97306790625699
223.03012215184378,88.91816776698525
226.2741699796992,88.86920106417892
229.5654035697641,88.82120105243182
232.90450925475412,88.77220106078941
236.2921833503241,88.72416776999592
239.72913230027333,88.67513448006422
243.21607282386276,88.6231011820847
246.75373206527502,88.56906790720113
250.34284774524843,88.51306790567807
253.9841683149166,88.46020105674472
257.67845311188546,88.41636750486352
261.42647251858085,88.37940078960222
265.22900812289896,88.34126763655186
269.08685288119375,88.2962010536601
273.0008112836349,88.2472010599625
276.97169952197106,88.20026763198868
281.00034565973334,88.15940079377252
285.0875898049141,88.12656723731803
289.23428428515797,88.10056724084029
293.44129382550057,88.07140079540642
297.7094957286928,88.03220105494485
302.0397800581479,87.98416776547158
306.4330498235497,87.93316776287047
310.89022116916016,87.88213447998677
315.41222356486645,87.8290679034788
320.00000000000654,87.77103461427629
324.6545071800142,87.71306789586605
329.3767157259242,87.6571344782074
334.16761037677935,87.60516776531217
339.02819019498156,87.55513447981714
343.95946877463007,87.50310118745513
348.9624744528898,87.44910118632689
354.03825052443415,87.39506789779824
359.187855459007,87.34013447644443
364.4123631221491,87.28710119020774
369.71286299913527,87.23313447425204
375.0904604221685,87.18013447904292
380.54627680087896,87.12916777175265
386.08144985617537,87.07816777031194
391.6971338574982,87.02916776475529
397.3944998635236,86.97920105428481
403.1747359663683,86.93220105366257
409.0390475393468,86.88520105929291
414.9886574883323,86.83620105861627
421.0248065067734,86.78720105666983
427.1487533344206,86.74030092494162
433.3617750198154,86.69940079127092
439.6651671865984,86.66446737014802
446.06024430368984,86.63353394965596
452.54833995940066,86.60553394997633
459.13080713953053,86.57436750517367
465.8090185095106,86.53316777165564
472.58436670065066,86.48316777023896
479.45826460054917,86.4342010585208
486.432145647728,86.38516776828365
493.50746413055253,86.33516776729428
500.6856954904994,86.2862676341105
507.9683366298358,86.24333421395393
515.3569062237735,86.20330092642807
522.8529450371643,86.16126763715732
530.4580162458005,86.11830092579949
538.1737057623901,86.07840079486175
546.0016225672724,86.04343408414009
553.9433990439449,86.0105339511177
562.0006913194694,85.98153395071195
570.1751796098309,85.95246737288021
578.4685685703187,85.92046737334189
586.8825876510039,85.887467370182
595.4189914573883,85.85550065922476
604.0795601162986,85.82660052742635
612.8660996471021,85.8015672395231
621.780442338323,85.77556724008946
630.8244471297356,85.75166710634282
640.0000000000159,85.73380026381477
649.3090143600314,85.72496671077923
658.7534314518515,85.72616644649858
668.3352207535618,85.7381997351684
678.0563803899662,85.74806657846206
687.9189375492632,85.74996671064649
697.9249489057827,85.74593342160495
708.0765010488715,85.74296671081761
718.3757109180171,85.74303328918177
728.8247262443015,85.74606657849051
739.425725998274,85.75113315708555
750.1809208443404,85.75919973564224
761.0925536017613,85.77126631449005
772.1628997123541,85.7883661828982
783.3942677149998,85.81143276011294
794.7889997270506,85.83853262769804
806.34947193274,85.8747656531006
818.0780950786972,85.92503196996232
829.9773149766683,85.99013183343875
842.0496130135506,86.0570319686373
854.2975066688449,86.11796538921037
866.7235500396347,86.17599867659646
879.3303343732008,86.23606525484803
892.1204886073838,86.30216512586014
905.0966799188055,86.37323170363398
918.2616142790653,86.4503981523513
931.6180370190256,86.53553130696925
945.1687334013056,86.62856459858615
958.9165292011028,86.72459788295843
972.8642912954606,86.82166446366887
987.0149282611097,86.92269775471969
1001.3713909810035,87.02583090714239
1015.9366732596762,87.13803064716467
1030.7138124475518,87.26429695632969
1045.7058900743334,87.40543011306895
1060.916032491606,87.5503635362752
1076.3474115247852,87.68926367257605
1092.0032451345498,87.82316380387769
1107.8867980878947,87.95213051688465
1124.0013826389438,88.07906393230792
1140.350359219667,88.20306393759397
1156.9371371406426,88.32706393520489
1173.765175302013,88.45213051199634
1190.837982914782,88.5842969595682
1208.1591202326028,88.72536353794904
1225.73219929421,88.86619709140463
1243.5608846766518,88.99499735365502
1261.648894259477,89.11286419855738
1280.0000000000375,89.22276433077768
1298.6180287200684,89.32873103948018
1317.5068629037087,89.43269775428556
1336.6704415071292,89.53363117543348
1356.112760779938,89.62953130462722
1375.8378750985323,89.72049801639349
1395.8498978115715,89.81263117536298
1416.153002097749,89.91486419930865
1436.7514218360407,90.0289307781151
1457.6494524886093,90.1438641979112
1478.8514519965543,90.25373104195043
1500.3618416886875,90.35666446368533
1522.1851072035295,90.4555978867954
1544.3257994247153,90.55269775281862
1566.788535430007,90.65686419757384
1589.5779994541087,90.77303064327518
1612.6989438654878,90.8949640664813
1636.156190157402,91.01083090996376
1659.9546299533442,91.11869775425787
1684.099226027109,91.21966446540766
1708.5950133376978,91.3185978855896
1733.4471000792773,91.41349801835874
1758.6606687464096,91.50146472875456
1784.2409772147755,91.59166446177518
1810.193359837619,91.69483091080728
1836.5232285581387,91.80689748833532
1863.2360740380593,91.91983091037109
1890.3374668026197,92.02776433083467
1917.833058402214,92.13276433266057
1945.7285825909298,92.23996406698998
1974.0298565222283,92.36013051125157
2002.7427819620161,92.48813051454037
2031.8733465193618,92.61403064730266
2061.4276248951132,92.73389748922628
2091.411780148677,92.84676433204807
2121.832064983222,92.95163117302847
2152.694823049581,93.04863117582688
2184.0064902691106,93.1487643322811
2215.7735961758003,93.257897488286
2248.002765277899,93.37083091106967
2280.7007184393456,93.47869775203104
2313.874274281297,93.5817310425332
2347.530350604038,93.68793077649673
2381.6759658295764,93.8049640668772
2416.318240465218,93.92289748832104
2451.4643985884327,94.03476433107583
2487.1217693533167,94.13653130693686
2523.2977885189675,94.22433157039815
2560.0000000000887,94.30229828120832
2597.236057440151,94.38029828168285
2635.0137258074315,94.45823170228037
2673.340883014273,94.52909854666382
2712.225521559891,94.59309854630337
2751.6757501970797,94.66116512386164
2791.699795623158,94.7331651253169
2832.3060041955137,94.80306525679975
2873.502843672097,94.86283223194617
2915.2989049772345,94.90753262870699
2957.7029039931244,94.93746604977764
3000.723683377391,94.96333289272175
3044.370214407075,94.98119973558644
3088.6515988494466,94.99006657853893
3133.57707086003,94.99509986785493
3179.1559989082334,95.00316644637996
3225.3978877309914,95.01209986778719
3272.3123803148205,95.0149001321838
3319.9092599067053,95.00370039666917
3368.198452054235,94.98360052876119
3417.190026675413,94.95853395003635
3466.8942001585724,94.92850066112442
3517.3213374928373,94.90066710710123
3568.4819544295697,94.887
3620.386719675257,94.89023302501184
3673.0464571162966,94.90313315707617
3726.472148076138,94.90690013215787
3780.6749336052594,94.8945006610845
3835.6661168044484,94.85696803288133
3891.45716518188,94.78856856134627
3948.059713044477,94.69940211488311
4005.4855639240527,94.60226895866823
4063.746693038744,94.49606922256751
4122.855249790247,94.37683619649631
4182.823560297375,94.24360317155728
4243.664129966465,94.0943368578461
4305.389646099183,93.93020370127549
4368.012980538242,93.7612369916047
4431.5471923516225,93.59520370156031
4496.00553055582,93.42710383425164
4561.401436878714,93.25093738570897
4627.748548562617,93.06270436133094
4695.060701208099,92.86157120422759
4763.351931659176,92.65567107299294
4832.63648093046,92.4567376516585
4902.928797176889,92.26073765197293
4974.243538706657,92.0625379147514
5046.595577037959,91.85023831362513
5120.000000000202,91.6210718671132
5194.472114880326,91.3861717334992
5270.027451614888,91.16040475817668
5346.6817660285715,90.94970436239416
5424.451043119808,90.7569706754223
5503.351500394186,90.57930356845998
5583.399591246343,90.4237363295808
5664.612008391055,90.2962356684254
5747.005687344222,90.19870171819512
5830.597809954497,90.12703461115511
5915.405807986278,90.074400793157
6001.447366754812,90.04693342145411
6088.740428814181,90.05363249602375
6177.303197698925,90.10233157077867
6267.154141720092,90.1919307772936
6358.3119978165005,90.31966314207948
6450.795775462017,90.49359524041573
6544.624760629676,90.72556063036974
6639.818519813445,91.01552602032707
6736.396904108505,91.36252469690075
6834.380053350861,91.77165653062656
6933.788400317181,92.24978836911612
7034.642674985712,92.79578704564727
7136.963908859177,93.39648612096299
7240.773439350552,94.03271914461095
7346.092914232631,94.67102007016993
7452.944296152315,95.24705600593154
7561.349867210557,95.68169378837962
7671.332233608935,95.89836618206557
7782.914330363799,95.84347265914155
7896.119426088994,95.4925791358295
8010.971127848146,94.85748455514668
8127.49338607753,93.99672154861136
8245.710499580537,92.99129010916317
8365.647120594791,91.9178573489528
8487.328259932974,90.83335668351705
8610.77929219841,89.78845523254628
8736.025961076528,88.81478680197594
8863.094384703289,87.92218495413694
8992.011061111683,87.11671625703951
9122.802873757471,86.40318098687754
9255.497097125279,85.77657913404595
9390.121402416245,85.23301057307476
9526.7038633184,84.77437543525583
9665.272961860968,84.3966404278011
9805.857594353829,84.09493870799588
9948.487077413367,83.87120370154155
10093.19115407597,83.72136882561438
10240.000000000457,83.6415339501593
10388.944229760706,83.63059920692261
10540.05490322983,83.6815313066825
10693.363532057198,83.7884301166185
10848.902086239672,83.9471624805336
11006.703000788428,84.14886155627961
11166.799182492743,84.38932760515976
11329.224016782166,84.65239418429913
11494.0113746885,84.91412787035406
11661.195619909053,85.15246208417445
11830.811615972614,85.34556327371735
12002.894733509682,85.4824980172652
12177.48085762842,85.55223302492757
12354.606395397908,85.54280158628578
12534.308283440243,85.44410383316524
12716.62399563306,85.24133950136083
12901.591550924093,84.93157517029252
13089.249521259411,84.52007715316371
13279.637039626952,84.03034478996197
13472.793808217073,83.50854452544478
13668.760106701786,83.01790938477504
13867.576800634426,82.62533950117982
14069.285349971487,82.39360185060808
14273.927817718419,82.36613051346554
14481.54687870117,82.54825970449865
14692.18582846533,82.8957910110123
14905.888592304698,83.29989220110107
15122.699734421185,83.60523038112115
15342.664467217943,83.65133818026791
15565.828660727671,83.32568032598422
15792.238852178061,82.60582141347369
16021.942255696367,81.56089327908484
16254.986772155136,80.32042855007836
16491.42099916115,79.02926078068926
16731.294241189662,77.81782405547987
16974.65651986603,76.7826190326023
17221.558584396902,75.9903128222754
17472.051922153143,75.49260581588793
17726.188769406665,75.31379894259204
17984.022122223458,75.43056062987384
18245.605747515034,75.7346924653661
18510.99419425065,76.05446208429112
18780.242804832582,76.18716909004026
19053.40772663689,75.96497860781052
19330.545923722028,75.30835404053502
19611.71518870775,74.31062300005827
19896.974154826825,73.36474426003076
20186.382308152035,73.125