20,94.6970332866322
20.290906698750476,94.69803329024121
20.586044732869844,94.69796671070029
20.885475648548283,94.69593342521812
21.189261887185914,94.6919334255687
21.49746679841394,94.68693341810926
21.810154653305165,94.68186685011916
22.12739065777668,94.67486683822747
22.449240966187475,94.66583355674946
22.77577269513385,94.65580026926297
23.107053937445478,94.6438002567178
23.44315377638505,94.63080026461505
23.784142300054445,94.61776696322642
24.130090616010463,94.60276696901254
24.481070866093134,94.58773369571685
24.837156241469714,94.57173367383163
25.1984209978975,94.5567336898497
25.56494047120865,94.54173368589178
25.936791093020236,94.52676697737056
26.3140504066728,94.51273367576398
26.69679708340074,94.49776698817632
27.08511093873791,94.48276698040401
27.47907294916184,94.46773369168913
27.878765268980047,94.45173369500802
28.284271247461966,94.43470039906711
28.695675446220072,94.41666711019192
29.11306365684382,94.39663379453675
29.536522918790062,94.37460055039452
29.966141537533712,94.35060054883873
30.402009102982383,94.32556723508176
30.844216508158908,94.29956724990124
31.29285596815558,94.2735672342769
31.74802103936409,94.24656721834519
32.20980663898519,94.21956726059761
32.67830906482211,94.19253394648412
33.153626015361866,94.16453392891762
33.63585661014871,94.13653396855679
34.125101410453844,94.10850063239232
34.62146244024586,94.07853396181562
35.12504320746613,94.04950065386356
35.635948725613716,94.0185006376231
36.15428553564419,93.988467358833
36.68016172818701,93.95543410774201
37.21368696608603,93.92140078341865
37.754972507267915,93.88536749278636
38.30413122794313,93.84836747496074
38.86127764614443,93.81036747114325
39.4265279456077,93.7723674729493
40.000000000000206,93.73433420063701
40.58181339750116,93.69433419517546
41.1720894657399,93.65433421400573
41.77095129709678,93.61433418829101
42.37852377437204,93.57433419271302
42.9949335968281,93.53333424316396
43.62030930661056,93.49226760835583
44.25478131555359,93.44726760796672
44.89848193237519,93.40220107239742
45.55154539026795,93.35623436318794
46.21410787489121,93.31023431741816
46.88630755277036,93.26320105846015
47.56828460010916,93.21520108641903
48.260181232021196,93.16720103432922
48.962141732186545,93.11916779911517
49.674312482939705,93.0701677978801
50.39684199579528,93.02020106954905
51.129880942417586,92.97116777065852
51.873582186040764,92.92113448967937
52.628100813345895,92.86913450988536
53.393594166801776,92.81816775243708
54.17022187747612,92.76816778927773
54.95814589832399,92.71920107707395
55.75753053796041,92.67126766127203
56.56854249492426,92.6262343531715
57.39135089244048,92.57920106638213
58.226127313687975,92.5311677721489
59.073045837580466,92.48116775685041
59.932283075067765,92.43113446658892
60.804018205965114,92.3780346035278
61.68843301631817,92.3189680574568
62.58571193631152,92.25696802247474
63.49604207872855,92.19500133614955
64.41961327797075,92.13400130846837
65.35661812964459,92.07403460547029
66.3072520307241,92.01603462741322
67.27171322029778,91.95803459162995
68.25020282090806,91.8990013254581
69.2429248804921,91.83693476774077
70.25008641493265,91.77290144065836
71.27189745122783,91.7068681756015
72.30857107128878,91.63773497722835
73.36032345637442,91.55953525765193
74.42737393217246,91.46946866873652
75.50994501453623,91.37970169809263
76.60826245588666,91.3059347504088
77.72255529228926,91.24300132350513
78.85305589121582,91.18623434962126
80.00000000000082,91.1434007805733
81.16362679500274,91.10523436226505
82.34417893148023,91.05700132100858
83.541902594194,90.99380159642487
84.75704754874454,90.9176018685431
85.98986719365665,90.83043540101279
87.24061861322157,90.73746870601161
88.50956263110764,90.64863515151475
89.79696386475084,90.56873503129587
91.10309078053635,90.49063511117679
92.42821574978288,90.40650199034928
93.77261510554118,90.31650198240769
95.13656920021877,90.22753526338752
96.52036246404286,90.13956857928653
97.92428346437356,90.05256855588358
99.34862496587989,89.96663513535144
100.79368399159105,89.88790147062991
102.25976188483567,89.83036750570047
103.74716437208203,89.79853395536115
105.25620162669229,89.76196803153192
106.78718833360406,89.6915352992701
108.34044375495276,89.60253525493613
109.9162917966485,89.51676828223789
111.51506107592134,89.45030092426762
113.13708498984903,89.4210665779851
114.78270178488147,89.43889880032012
116.45225462737648,89.50453130106112
118.14609167516147,89.60043145988972
119.86456615013608,89.66943276720392
121.60803641193078,89.68809986860057
123.3768660326369,89.69076697288453
125.17142387262359,89.67030091767973
126.99208415745765,89.62303462599384
128.83922655594208,89.56613446641194
130.71323625928977,89.5173009212026
132.61450406144883,89.47420104598211
134.5434264405962,89.42300133246415
136.50040564181674,89.3618681688525
138.48584976098482,89.29180158021512
140.50017282986593,89.2177017013207
142.5437949024563,89.1396351529312
144.61714214257822,89.05760185568974
146.7206469127495,88.97256854725072
148.8547478643456,88.88450199749671
151.01989002907314,88.7956018645474
153.216524911774,88.71590146135904
155.4451105845792,88.65413448037108
157.70611178243232,88.60423434962125
160.00000000000236,88.55813448176497
162.3272535900062,88.50506789626237
164.6883578629612,88.44800132100856
167.08380518838874,88.38693475237766
169.51409509748981,88.32293473179553
171.97973438731407,88.26000131979538
174.4812372264439,88.20106790800705
177.01912526221608,88.14510119733896
179.5939277295025,88.09110118707694
182.20618156107355,88.0371011905482
184.85643149956664,87.98306790580219
187.54523021108326,87.92703461088493
190.27313840043846,87.86803460471414
193.04072492808663,87.81006789340529
195.84856692874806,87.75310118561899
198.69724993176072,87.69806789666563
201.58736798318304,87.64310118537041
204.5195237696723,87.59016777009681
207.49432874416505,87.54020105089919
210.5124032533856,87.492134478059
213.57437666720915,87.43803461094565
216.68088750990657,87.37693474989042
219.83258359329807,87.31400132813248
223.03012215184378,87.25606789902349
226.2741699796992,87.20106790820874
229.5654035697641,87.14503460502178
232.90450925475412,87.08703461512054
236.2921833503241,87.02803461319526
239.72913230027333,86.96900132315102
243.21607282386276,86.90793473432262
246.75373206527502,86.84500132914408
250.34284774524843,86.78620106200978
253.9841683149166,86.74260052837236
257.67845311188546,86.72609986765313
261.42647251858085,86.73949934199815
265.22900812289896,86.77266578495286
269.08685288119375,86.81469907804741
273.0008112836349,86.85459920502812
276.97169952197106,86.88736618400566
281.00034565973334,86.90719973540915
285.0875898049141,86.91706657887416
289.23428428515797,86.91783355416935
293.44129382550057,86.90456724112686
297.7094957286928,86.87436750183133
302.0397800581479,86.83426763361499
306.4330498235497,86.7913009208112
310.89022116916016,86.74930092614318
315.41222356486645,86.70630092760909
320.00000000000654,86.66230092757938
324.6545071800142,86.62033421133289
329.3767157259242,86.58243408190484
334.16761037677935,86.5494673697998
339.02819019498156,86.51850066143297
343.95946877463007,86.48746737034378
348.9624744528898,86.45543408027989
354.03825052443415,86.42246737017042
359.187855459007,86.39050065948719
364.4123631221491,86.36050066122652
369.71286299913527,86.33053394767418
375.0904604221685,86.30253395025387
380.54627680087896,86.27460053044128
386.08144985617537,86.24960052974973
391.6971338574982,86.22563381649232
397.3944998635236,86.203667105952
403.1747359663683,86.18370039512345
409.0390475393468,86.16466710803873
414.9886574883323,86.14463381853244
421.0248065067734,86.12266710694577
427.1487533344206,86.10376697498054
433.3617750198154,86.09086684250464
439.6651671865984,86.08396671063426
446.06024430368984,86.08203328931029
452.54833995940066,86.085
459.13080713953053,86.08283355399307
465.8090185095106,86.07066710866225
472.58436670065066,86.05063381890515
479.45826460054917,86.03066710771701
486.432145647728,86.01163381804481
493.50746413055253,85.98963381760949
500.6856954904994,85.9687669744897
507.9683366298358,85.95483355348848
515.3569062237735,85.94376697547602
522.8529450371643,85.92973368623903
530.4580162458005,85.9147669752665
538.1737057623901,85.90286684330262
546.0016225672724,85.89593342166354
553.9433990439449,85.892
562.0006913194694,85.89096671076514
570.1751796098309,85.88896671080501
578.4685685703187,85.88593342166773
586.8825876510039,85.88190013190913
595.4189914573883,85.87796671061498
604.0795601162986,85.87703328938113
612.8660996471021,85.87903328926745
621.780442338323,85.88003328922389
630.8244471297356,85.88313315746286
640.0000000000159,85.89326631491363
649.3090143600314,85.91143275987004
658.7534314518515,85.93956591809517
668.3352207535618,85.97559920550518
678.0563803899662,86.01046604923437
687.9189375492632,86.03633289353515
697.9249489057827,86.05529960277774
708.0765010488715,86.07436618100625
718.3757109180171,86.09739947018127
728.8247262443015,86.1224327601884
739.425725998274,86.14946604979937
750.1809208443404,86.1775326283793
761.0925536017613,86.20956591829135
772.1628997123541,86.24463249773326
783.3942677149998,86.28366578478914
794.7889997270506,86.32676565231594
806.34947193274,86.3769986779573
818.0780950786972,86.44123170608405
829.9773149766683,86.5172982795327
842.0496130135506,86.59419841519171
854.2975066688449,86.66409854634283
866.7235500396347,86.72903196581633
879.3303343732008,86.79309854406203
892.1204886073838,86.86119841517043
905.0966799188055,86.93426499292138
918.2616142790653,87.01236486300961
931.6180370190256,87.09646472840535
945.1687334013056,87.1854980199229
958.9165292011028,87.27653130450183
972.8642912954606,87.36856459584875
987.0149282611097,87.46363117610323
1001.3713909810035,87.56166446103855
1015.9366732596762,87.66486420067575
1030.7138124475518,87.78113051021883
1045.7058900743334,87.91326366696833
1060.916032491606,88.04819709005865
1076.3474115247852,88.17706393676052
1092.0032451345498,88.29999735742555
1107.8867980878947,88.41893078092671
1124.0013826389438,88.53389748615405
1140.350359219667,88.64786420169779
1156.9371371406426,88.75989748881739
1173.765175302013,88.87496406574664
1190.837982914782,88.9971638024918
1208.1591202326028,89.13026367014837
1225.73219929421,89.26409722361352
1243.5608846766518,89.38793077519985
1261.648894259477,89.50079762003746
1280.0000000000375,89.60669775225777
1298.6180287200684,89.7086977502594
1317.5068629037087,89.81073104358526
1336.6704415071292,89.9136977540226
1356.112760779938,90.01676432924441
1375.8378750985323,90.12286419817858
1395.8498978115715,90.23709722546668
1416.153002097749,90.3673635384092
1436.7514218360407,90.51249669583848
1457.6494524886093,90.66246340438266
1478.8514519965543,90.81043011658427
1500.3618416886875,90.95533024915946
1522.1851072035295,91.09426367296017
1544.3257994247153,91.2271970918829
1566.788535430007,91.35926366848251
1589.5779994541087,91.49626366791333
1612.6989438654878,91.63009722353088
1636.156190157402,91.75183090996376
1659.9546299533442,91.85863117565953
1684.099226027109,91.95556459748319
1708.5950133376978,92.04743143917403
1733.4471000792773,92.13126499328071
1758.6606687464096,92.20419841443555
1784.2409772147755,92.27736485865564
1810.193359837619,92.36259788579545
1836.5232285581387,92.46066446345203
1863.2360740380593,92.5626977532532
1890.3374668026197,92.66476433083467
1917.833058402214,92.77396406843347
1945.7285825909298,92.89729695970014
1974.0298565222283,93.04056327134953
2002.7427819620161,93.19549669672699
2031.8733465193618,93.34436354030309
2061.4276248951132,93.48216380350365
2091.411780148677,93.60793077846769
2121.832064983222,93.71863117302847
2152.694823049581,93.81446472931395
2184.0064902691106,93.90356459655116
2215.7735961758003,93.99759788487242
2248.002765277899,94.09356459673226
2280.7007184393456,94.18866446277552
2313.874274281297,94.29303064604856
2347.530350604038,94.42576300774532
2381.6759658295764,94.60136221617962
2416.318240465218,94.80652866249176
2451.4643985884327,95.016262348027
2487.1217693533167,95.20462985321763
2523.2977885189675,95.35193077707733
2560.0000000000887,95.46049801677884
2597.236057440151,95.54516512458717
2635.0137258074315,95.61083223127052
2673.340883014273,95.65549933939265
2712.225521559891,95.6813328928192
2751.6757501970797,95.70136618178508
2791.699795623158,95.72649933942154
2832.3060041955137,95.75859920694985
2873.502843672097,95.79559920700125
2915.2989049772345,95.83046605011862
2957.7029039931244,95.85629960342848
3000.723683377391,95.87103328927218
3044.370214407075,95.86766710735591
3088.6515988494466,95.8414007931496
3133.57707086003,95.80543408215544
3179.1559989082334,95.77356723941209
3225.3978877309914,95.74866710737604
3272.3123803148205,95.72763381800723
3319.9092599067053,95.70256723963324
3368.198452054235,95.67656723949129
3417.190026675413,95.65160052860259
3466.8942001585724,95.6276338181579
3517.3213374928373,95.60680026426074
3568.4819544295697,95.60009986781868
3620.386719675257,95.61136618216148
3673.0464571162966,95.63653262830465
3726.472148076138,95.66966578561416
3780.6749336052594,95.71276565300374
3835.6661168044484,95.75976565302354
3891.45716518188,95.80576565323341
3948.059713044477,95.85489881037824
4005.4855639240527,95.91096538843502
4063.746693038744,95.96683223165194
4122.855249790247,96.01256591783942
4182.823560297375,96.04326631427142
4243.664129966465,96.05390013216923
4305.389646099183,96.04363381802416
4368.012980538242,96.02056723964893
4431.5471923516225,95.99236750392436
4496.00553055582,95.95106790067868
4561.401436878714,95.88966842856912
4627.748548562617,95.80113580034882
4695.060701208099,95.68066975044594
4763.351931659176,95.53540343693449
4832.63648093046,95.37620370142157
4902.928797176889,95.20287080903526
4974.243538706657,95.00947133618894
5046.595577037959,94.78897199954551
5120.000000000202,94.54060581744866
5194.472114880326,94.27553923729472
5270.027451614888,94.00543936916857
5346.6817660285715,93.72923963456934
5424.451043119808,93.43897331855787
5503.351500394186,93.13070700475477
5583.399591246343,92.81274029520247
5664.612008391055,92.49894003020111
5747.005687344222,92.199173054828
5830.597809954497,91.91337279139864
5915.405807986278,91.63860581648464
6001.447366754812,91.37897199797398
6088.740428814181,91.14550462723713
6177.303197698925,90.9450705442869
6267.154141720092,90.77656988375114
6358.3119978165005,90.63813580054436
6450.795775462017,90.5378348757912
6544.624760629676,90.48166710727229
6639.818519813445,90.47339947134894
6736.396904108505,90.50813183517667
6834.380053350861,90.58893077728844
6933.788400317181,90.71876300998726
7034.642674985712,90.89856195198726
7136.963908859177,91.12542747329547
7240.773439350552,91.40529299376752
7346.092914232631,91.73712522561883
7452.944296152315,92.11149140973822
7561.349867210557,92.50132496306472
7671.332233608935,92.86945944170495
7782.914330363799,93.16942879491485
7896.119426088994,93.32606657854537
8010.971127848146,93.261572526686
8127.49338607753,92.91651255900662
8245.710499580537,92.26341930040127
8365.647120594791,91.31295853871741
8487.328259932974,90.11289592048175
8610.77929219841,88.75656435354644
8736.025961076528,87.34569750849707
8863.094384703289,85.96189592661908
8992.011061111683,84.66176012000007
9122.802873757471,83.47775747941198
9255.497097125279,82.41055509617914
9390.121402416245,81.45025284946718
9526.7038633184,80.58878415978172
9665.272961860968,79.81711573121115
9805.857594353829,79.12444729864501
9948.487077413367,78.51064571587114
10093.19115407597,77.96571097097922
10240.000000000457,77.4847762274692
10388.944229760706,77.06887477367998
10540.05490322983,76.72010647647113
10693.363532057198,76.45187080873782
10848.902086239672,76.30153395023716
11006.703000788428,76.33372839916653
11166.799182492743,76.6486538884333
11329.224016782166,77.33414529837178
11494.0113746885,78.39200553381788
11661.195619909053,79.69696959692664
11830.811615972614,81.07766999222743
12002.894733509682,82.4258044735269
12177.48085762842,83.73293763246663
12354.606395397908,85.07136906742731
12534.308283440243,86.50386708765022
12716.62399563306,88.0012678821997
12901.591550924093,89.40047422476104
13089.249521259411,90.434953492454
13279.637039626952,90.8341038335642
13472.793808217073,90.44942062168565
13668.760106701786,89.35033264844274
13867.576800634426,87.78323806442404
14069.285349971487,86.05107030143274
14273.927817718419,84.43676408751648
14481.54687870117,83.14998786162123
14692.18582846533,82.32374293921234
14905.888592304698,82.0414301168383
15122.699734421185,82.34051808758088
15342.664467217943,83.1377112136864
15565.828660727671,84.13641425435108
15792.238852178061,84.85749537363223
16021.942255696367,84.81285073714984
16254.986772155136,83.74627267780859
16491.42099916115,81.74515537933611
16731.294241189662,79.1056972609914
16974.65651986603,76.16543226746487
17221.558584396902,73.22029515344458
17472.051922153143,70.49465472221821
17726.188769406665,68.1065802117529
17984.022122223458,66.06577334360989
18245.605747515034,64.31883463287868
18510.99419425065,62.797764088123095
18780.242804832582,61.437894601554994
19053.40772663689,60.199725512628376
19330.545923722028,59.076089048067644
19611.71518870775,58.122716258661875
19896.974154826825,57.49950594800061
20186.382308152035,57.369