
20.0000000000,57.0000000000
20.2909066988,57.0071495625
20.5860447329,57.0144086472
20.8854756485,57.0217789239
21.1892618872,57.0292620851
21.4974667984,57.0368598464
21.8101546533,57.0445739463
22.1273906578,57.0524061462
22.4492409662,57.0603582309
22.7757726951,57.0684320083
23.1070539374,57.0766293096
23.4431537764,57.0849519895
23.7841423001,57.0934019257
24.1300906160,57.1019810195
24.4810708661,57.1106911954
24.8371562415,57.1195344012
25.1984209979,57.1285126078
25.5649404712,57.1376278094
25.9367910930,57.1468820228
26.3140504067,57.1562772881
26.6967970834,57.1658156676
27.0851109387,57.1754992464
27.4790729492,57.1853301315
27.8787652690,57.1953104521
28.2842712475,57.2054423587
28.6956754462,57.2157280233
29.1130636568,57.2261696385
29.5365229188,57.2367694174
29.9661415375,57.2475295931
30.4020091030,57.2584524179
30.8442165082,57.2695401629
31.2928559682,57.2807951173
31.7480210394,57.2922195877
32.2098066390,57.3038158974
32.6783090648,57.3155863853
33.1536260154,57.3275334053
33.6358566101,57.3396593252
34.1251014105,57.3519665255
34.6214624402,57.3644573984
35.1250432075,57.3771343467
35.6359487256,57.3899997820
36.1542855356,57.4030561239
36.6801617282,57.4163057980
37.2136869661,57.4297512345
37.7549725073,57.4433948665
38.3041312279,57.4572391279
38.8612776461,57.4712864516
39.4265279456,57.4855392675
40.0000000000,57.5000000000
40.5818133975,57.5146710656
41.1720894657,57.5295548707
41.7709512971,57.5446538084
42.3785237744,57.5599702561
42.9949335968,57.5755065721
43.6203093066,57.5912650924
44.2547813156,57.6072481276
44.8984819324,57.6234579587
45.5515453903,57.6398968337
46.2141078749,57.6565669633
46.8863075528,57.6734705168
47.5682846001,57.6906096171
48.2601812320,57.7079863362
48.9621417322,57.7256026900
49.6743124829,57.7434606330
50.3968419958,57.7615620524
51.1298809424,57.7799087621
51.8735821860,57.7985024964
52.6281008133,57.8173449035
53.3935941668,57.8364375379
54.1702218775,57.8557818534
54.9581458983,57.8753791949
55.7575305380,57.8952307906
56.5685424949,57.9153377423
57.3913508924,57.9357010174
58.2261273137,57.9563214381
59.0730458376,57.9771996719
59.9322830751,57.9983362205
60.8040182060,58.0197330947
61.6884330163,58.0414009874
62.5857119363,58.0633541300
63.4960420787,58.0856077709
64.4196132780,58.1081782361
65.3566181296,58.1310829928
66.3072520307,58.1543407176
67.2717132203,58.1779713670
68.2502028209,58.2019962529
69.2429248805,58.2264381211
70.2500864149,58.2511765648
71.2718974512,58.2729324720
72.3085710713,58.2902219581
73.3603234564,58.3029165504
74.4273739322,58.3109222483
75.5099450145,58.3141841621
76.6082624559,58.3126912396
77.7225552923,58.3064810244
78.8530558912,58.2956443774
80.0000000000,58.2803300859
81.1636267950,58.2607288257
82.3441789315,58.2370123351
83.5419025942,58.2093918663
84.7570475487,58.1781402588
85.9898671937,58.1435937389
87.2406186132,58.1061528846
88.5095626311,58.0662826097
89.7969638648,58.0245110113
91.1030907805,57.9814269301
92.4282157498,57.9376760626
93.7726151055,57.8939554793
95.1365692002,57.8510064026
96.5203624640,57.8096051191
97.9242834644,57.7705519132
99.3486249659,57.7346579449
100.7936839916,57.7028234262
102.2597618848,57.6766746786
103.7471643721,57.6579710147
105.2562016267,57.6484599457
106.7871883336,57.6498921123
108.3404437550,57.6640018404
109.9162917966,57.6924867381
111.5150610759,57.7369867615
113.1370849898,57.7990632777
114.7827017849,57.8801787441
116.4522546274,57.9816777291
118.1460916752,58.1047700897
119.8645661501,58.2505172150
121.6080364119,58.4201443342
123.3768660326,58.6133116271
125.1714238726,58.8279849901
126.9920841575,59.0617391420
128.8392265559,59.3117647259
130.7132362593,59.5748791750
132.6145040614,59.8475468563
134.5434264406,60.1259091056
136.5004056418,60.4058245100
138.4858497610,60.6829194721
140.5001728299,60.9526486974
142.5437949025,61.2103647896
144.6171421426,61.4513956169
146.7206469127,61.6711275345
148.8547478643,61.8650919444
151.0198900291,61.9808858387
153.2165249118,62.0440420609
155.4451105846,62.1162414074
157.7061117824,62.1975390349
160.0000000000,62.2879085016
162.3272535900,62.3872333628
164.6883578630,62.4952989712
167.0838051884,62.6117846543
169.5140950975,62.7362564589
171.9797343873,62.8681606761
174.4812372264,63.0068183798
177.0191252622,63.1514212310
179.5939277295,63.3010288167
182.2061815611,63.4545678042
184.8564314996,63.6108332042
187.5452302111,63.7684920312
190.2731384004,63.9260896564
193.0407249281,64.0820591263
195.8485669287,64.2347337056
198.6972499318,64.3823628632
201.5873679832,64.5231318823
204.5195237697,64.6551852066
207.4943287442,64.7766535688
210.5124032534,64.8856848496
213.5743766672,64.9804785135
216.6808875099,65.0593233386
219.8325835933,65.1206380250
223.0301221518,65.1630141043
226.2741699797,65.1852604115
229.5654035698,65.1864482022
232.9045092548,65.1659558196
236.2921833503,65.1235116315
239.7291323003,65.0592337923
243.2160728239,64.9736652233
246.7537320653,64.8678020806
250.3428477452,64.7431138844
253.9841683149,64.6015534434
257.6784531119,64.4455547263
261.4264725186,64.2780169316
265.2290081229,64.1022731867
269.0868528812,63.9220425956
273.0008112836,63.7413647531
276.9716995220,63.5645163500
281.0003456597,63.3959101390
285.0875898049,63.2399772741
289.2342842852,63.1010349062
293.4412938255,62.9831418607
297.7094957287,62.8899462489
302.0397800581,62.6715310232
306.4330498235,62.3370845825
310.8902211692,62.0499638684
315.4122235649,61.8072376127
320.0000000000,61.6054119847
324.6545071800,61.4350313313
329.3767157259,61.2857553296
334.1676103768,61.1519080292
339.0281901950,61.0272553527
343.9594687746,60.9049640641
348.9624744529,60.7775577083
354.0382505244,60.6384137055
359.1878554590,60.4884068717
364.4123631221,60.3307186353
369.7128629991,60.1687580662
375.0904604222,60.0061882119
380.5462768009,59.8469308958
386.0814498562,59.6951713099
391.6971338575,59.5553625624
397.3944998635,59.4322303816
403.1747359664,59.3296733596
409.0390475393,59.2473599986
414.9886574883,59.1899176551
421.0248065068,59.1631293534
427.1487533344,59.1709148520
433.3617750198,59.2117178690
439.6651671866,59.2828787787
446.0602443037,59.3814183088
452.5483399594,59.5043239879
459.1308071395,59.6509350900
465.8090185095,59.8180699287
472.5843667007,60.0013744576
479.4582646005,60.1960277101
486.4321456477,60.3967107051
493.5074641306,60.5975739965
500.6856954905,60.7922049383
507.9683366298,60.9752525431
515.3569062238,61.1459958115
522.8529450372,61.3046291158
530.4580162458,61.4513645777
538.1737057624,61.5864362964
546.0016225673,61.7101057871
553.9433990439,61.8226688039
562.0006913195,61.9244637278
570.1751796098,62.0158817090
578.4685685703,62.0973787533
586.8825876510,62.1694899467
595.4189914574,62.2328460022
604.0795601163,62.2881923110
612.8660996471,62.3364106594
621.7804423383,62.3785437563
630.8244471297,62.4158223350
640.0000000000,62.4490691667
649.3090143600,62.4773475353
658.7534314519,62.4993980889
668.3352207536,62.5140110887
678.0563803900,62.5200517422
687.9189375493,62.5164872048
697.9249489058,62.5024148823
708.0765010489,62.4770915723
718.3757109180,62.4399628732
728.8247262443,62.3906921853
739.4257259983,62.3291885153
750.1809208443,62.2556321889
761.0925536018,62.1704974787
772.1628997124,62.0745710610
783.3942677150,61.9689651481
794.7889997271,61.8551240939
806.3494719327,61.7347966809
818.0780950787,61.6095455636
829.9773149767,61.4807315490
842.0496130136,61.3498790211
854.2975066688,61.2186419845
866.7235500396,61.0887426853
879.3303343732,60.9618972477
892.1204886074,60.8397284737
905.0966799188,60.7236664257
918.2616142791,60.6148379510
931.6180370190,60.5139469091
945.1687334013,60.4211475123
958.9165292011,60.3321513422
972.8642912955,60.2323132763
987.0149282611,60.1181151557
1001.3713909810,59.9867406212
1015.9366732597,59.8425715358
1030.7138124476,59.6970628098
1045.7058900743,59.5601793174
1060.9160324916,59.4421824220
1076.3474115248,59.3536379045
1092.0032451345,59.3054427437
1107.8867980879,59.3084690828
1124.0013826389,59.3642373818
1140.3503592197,59.4638071234
1156.9371371406,59.5966328176
1173.7651753020,59.7510465973
1190.8379829148,59.9143486725
1208.1591202326,60.0730887297
1225.7321992942,60.2174502439
1243.5608846767,60.3422815915
1261.6488942595,60.4431380037
1280.0000000000,60.5163122952
1298.6180287201,60.5590973493
1317.5068629037,60.5700410863
1336.6704415071,60.5491802078
1356.1127607799,60.4982375703
1375.8378750985,60.4207671990
1395.8498978116,60.3222309045
1416.1530020977,60.2098529652
1436.7514218360,60.0915784700
1457.6494524886,59.9763386620
1478.8514519966,59.8741732970
1500.3618416887,59.7957939493
1522.1851072035,59.7520440671
1544.3257994247,59.7532754934
1566.7885354300,59.8086678924
1589.5779994541,59.9255266313
1612.6989438655,60.1061628806
1636.1561901574,60.3406484236
1659.9546299533,60.6284021740
1684.0992260271,60.9695127081
1708.5950133377,61.3629597515
1733.4471000793,61.8065337522
1758.6606687464,62.2967819522
1784.2409772148,62.8289870325
1810.1933598376,63.3971842581
1836.5232285581,63.9942226119
1863.2360740381,64.6118746347
1890.3374668026,65.2409985409
1917.8330584022,65.8717546257
1945.7285825909,66.4938759964
1974.0298565222,67.0969912619
2002.7427819620,67.6709940643
2031.8733465194,68.2065253822
2061.4276248951,68.6955697216
2091.4117801487,69.1317368904
2121.8320649832,69.5106629639
2152.6948230496,69.8304228987
2184.0064902691,70.0918900346
2215.7735961758,70.2990162408
2248.0027652779,70.4590057706
2280.7007184393,70.5823566481
2313.8742742813,70.6827459179
2347.5303506040,70.7767396189
2381.6759658296,70.8833150657
2416.3182404652,71.0231920277
2451.4643985884,71.2179805929
2487.1217693533,71.4891666483
2523.2977885190,71.8569704772
2560.0000000001,72.3391292593
2597.2360574402,72.9496692323
2635.0137258074,73.6472886128
2673.3408830143,74.3444065079
2712.2255215599,75.0009105295
2751.6757501971,75.5733685046
2791.6997956232,76.0145210767
2832.3060041955,76.2813985382
2873.5028436721,76.3916815074
2915.2989049772,76.3948070057
2957.7029039931,76.3450076959
3000.7236833774,76.3014724434
3044.3702144071,76.3129784479
3088.6515988494,76.3715390223
3133.5770708600,76.4534913723
3179.1559989082,76.5329856319
3225.3978877310,76.5824259977
3272.3123803148,76.5822304046
3319.9092599067,76.5206322292
3368.1984520542,76.3854264240
3417.1900266754,76.1638248665
3466.8942001586,75.8508876611
3517.3213374928,75.4568245066
3568.4819544296,75.0183133823
3620.3867196753,74.5545438689
3673.0464571163,74.0762318673
3726.4721480761,73.5933434791
3780.6749336053,73.1153227473
3835.6661168044,72.6515045314
3891.4571651819,72.2117166967
3948.0597130445,71.8070597279
4005.4855639241,71.4508279758
4063.7466930387,71.1513116845
4122.8552497902,70.8949941888
4182.8235602974,70.6657504804
4243.6641299665,70.4499304265
4305.3896460992,70.2367097909
4368.0129805382,70.0180750743
4431.5471923516,69.7883665366
4496.0055305558,69.5433366149
4561.4014368787,69.2586277500
4627.7485485626,68.9244769826
4695.0607012081,68.5704790104
4763.3519316592,68.2272457501
4832.6364809305,67.9167415705
4902.9287971769,67.6147425340
4974.2435387067,67.3377468509
5046.5955770380,67.1126500037
5120.0000000002,66.9567160691
5194.4721148803,66.8784610690
5270.0274516149,66.8827832150
5346.6817660286,66.9699479106
5424.4510431198,67.1347652608
5503.3515003942,67.3662415680
5583.3995912463,67.6478232183
5664.6120083911,67.9582983631
5747.0056873442,68.2733477401
5830.5978099545,68.5676462042
5915.4058079863,68.8173203981
6001.4473667548,69.0024877563
6088.7404288142,69.1450015041
6177.3031976989,69.2752182546
6267.1541417201,69.3937150739
6358.3119978165,69.5011516825
6450.7957754620,69.5982761405
6544.6247606297,69.6859308491
6639.8185198134,69.7650588849
6736.3969041085,69.8367106816
6834.3800533509,69.9020510799
6933.7884003172,69.9623667610
7034.6426749857,70.0190464456
7136.9639088592,70.0720192835
7240.7734393506,70.1187482719
7346.0929142326,70.1562722543
7452.9442961523,70.1813849152
7561.3498672106,70.1906200689
7671.3322336089,70.1802361768
7782.9143303638,70.1462000548
7896.1194260890,70.0841697316
8010.9711278481,69.9894772961
8127.4933860775,69.8584857258
8245.7104995805,69.6915565668
8365.6471205948,69.4899815343
8487.3282599330,69.2552487820
8610.7792921984,68.9890564763
8736.0259610765,68.6933271257
8863.0943847033,68.3702227039
8992.0110611117,68.0221606073
9122.8028737575,67.6527578936
9255.4970971253,67.2705642352
9390.1214024162,66.8863268995
9526.7038633184,66.5117638081
9665.2729618610,66.1596231082
9805.8575943538,65.8437461768
9948.4870774134,65.5791339582
10093.1911540760,65.3806659415
10240.0000000005,65.2468541270
10388.9442297607,65.1635726957
10540.0549032298,65.1150454153
10693.3635320572,65.0839836747
10848.9020862397,65.0514915145
11006.7030007884,64.9969662277
11166.7991824927,64.9080863261
11329.2240167822,64.8078610495
11494.0113746885,64.7295921792
11661.1956199091,64.7095412783
11830.8116159726,64.7871114543
12002.8947335097,65.0050386879
12177.4808576284,65.3926341995
12354.6063953979,65.9155243204
12534.3082834402,66.5198873921
12716.6239956331,67.1468459214
12901.5915509241,67.7321510298
13089.2495212594,68.2075980030
13279.6370396270,68.5457010065
13472.7938082171,68.7678339353
13668.7601067018,68.9001435933
13867.5768006344,68.9713618158
14069.2853499715,69.0127336891
14273.9278177184,69.0448145592
14481.5468787012,69.0690013872
14692.1858284653,69.0850440851
14905.8885923047,69.0926898210
15122.6997344212,69.0916832213
15342.6644672179,69.0817665910
15565.8286607277,69.0626801551
15792.2388521781,69.0341623229
16021.9422556964,68.9959499742
16254.9867721551,68.9477787711
16491.4209991611,68.8893834956
16731.2942411897,68.8204984149
16974.6565198660,68.7408576762
17221.5585843969,68.6501957319
17472.0519221531,68.5482477987
17726.1887694067,68.4347503497
17984.0221222235,68.3094416448
18245.6057475150,68.1720622989
18510.9941942506,68.0223558910
18780.2428048326,67.8600696167
19053.4077266369,67.6849549863
19330.5459237220,67.4967685705
19611.7151887077,67.2952727982
19896.9741548268,67.0802368058
9863
19330.5459237220,67.4967685705
19611.7151887077,67.2952727982
19896.9741548268,67.0802368058
