
20.0000000000,65.6000000000
20.2909066988,65.5538005789
20.5860447329,65.5024003059
20.8854756485,65.5000000000
21.1892618872,65.5000000000
21.4974667984,65.5000000000
21.8101546533,65.5000000000
22.1273906578,65.5000000000
22.4492409662,65.5000000000
22.7757726951,65.5000000000
23.1070539374,65.5000000000
23.4431537764,65.5000000000
23.7841423001,65.5000000000
24.1300906160,65.5825226540
24.4810708661,65.6000000000
24.8371562415,65.6000000000
25.1984209979,65.6000000000
25.5649404712,65.6000000000
25.9367910930,65.6000000000
26.3140504067,65.6000000000
26.6967970834,65.6000000000
27.0851109387,65.6000000000
27.4790729492,65.6376748481
27.8787652690,65.6855730670
28.2842712475,65.7000000000
28.6956754462,65.7000000000
29.1130636568,65.7000000000
29.5365229188,65.7000000000
29.9661415375,65.7000000000
30.4020091030,65.7000000000
30.8442165082,65.7000000000
31.2928559682,65.7000000000
31.7480210394,65.7000000000
32.2098066390,65.7000000000
32.6783090648,65.7000000000
33.1536260154,65.7000000000
33.6358566101,65.7000000000
34.1251014105,65.7000000000
34.6214624402,65.6427654006
35.1250432075,65.6048122261
35.6359487256,65.6000000000
36.1542855356,65.5586600163
36.6801617282,65.5108853097
37.2136869661,65.4651675575
37.7549725073,65.3786589550
38.3041312279,65.3102387849
38.8612776461,65.2730921373
39.4265279456,65.1939404443
40.0000000000,65.0988666667
40.5818133975,65.0045674385
41.1720894657,64.9094935960
41.7709512971,64.8142542194
42.3785237744,64.7201870927
42.9949335968,64.6253627150
43.6203093066,64.4593509197
44.2547813156,64.3389169974
44.8984819324,64.1794745208
45.5515453903,63.9923306290
46.2141078749,63.8017510399
46.8863075528,63.5624276775
47.5682846001,63.3302622919
48.2601812320,63.1328504201
48.9621417322,62.9437050979
49.6743124829,62.7220175144
50.3968419958,62.4736431960
51.1298809424,62.3020393920
51.8735821860,62.1728893874
52.6281008133,61.9959458723
53.3935941668,61.8149621575
54.1702218775,61.7086004864
54.9581458983,61.6134934193
55.7575305380,61.5181538660
56.5685424949,61.4233983672
57.3913508924,61.3285946474
58.2261273137,61.3031103892
59.0730458376,61.3000000000
59.9322830751,61.2401155174
60.8040182060,61.2057487993
61.6884330163,61.2485345277
62.5857119363,61.2944633782
63.4960420787,61.3000000000
64.4196132780,61.3000000000
65.3566181296,61.3000000000
66.3072520307,61.2691629724
67.2717132203,61.2088090255
68.2502028209,61.1805303554
69.2429248805,61.1121104917
70.2500864149,61.0897989630
71.2718974512,61.0073098541
72.3085710713,60.9121348899
73.3603234564,60.8170848566
74.4273739322,60.8007061976
75.5099450145,60.7266253429
76.6082624559,60.7019696675
77.7225552923,60.6353372609
78.8530558912,60.6047125167
80.0000000000,60.6000000000
81.1636267950,60.6000000000
82.3441789315,60.5519255561
83.5419025942,60.5083666576
84.7570475487,60.5000000000
85.9898671937,60.4660145597
87.2406186132,60.4117320196
88.5095626311,60.4000000000
89.7969638648,60.3792420684
91.1030907805,60.3114207347
92.4282157498,60.3000000000
93.7726151055,60.3000000000
95.1365692002,60.3000000000
96.5203624640,60.2978393010
97.9242834644,60.2213305602
99.3486249659,60.2004847947
100.7936839916,60.2000000000
102.2597618848,60.2000000000
103.7471643721,60.2000000000
105.2562016267,60.2000000000
106.7871883336,60.2000000000
108.3404437550,60.2000000000
109.9162917966,60.2000000000
111.5150610759,60.2000000000
113.1370849898,60.2000000000
114.7827017849,60.2000000000
116.4522546274,60.2000000000
118.1460916752,60.2000000000
119.8645661501,60.2000000000
121.6080364119,60.2000000000
123.3768660326,60.2000000000
125.1714238726,60.2000000000
126.9920841575,60.2000000000
128.8392265559,60.2000000000
130.7132362593,60.2000000000
132.6145040614,60.2000000000
134.5434264406,60.2000000000
136.5004056418,60.2000000000
138.4858497610,60.2000000000
140.5001728299,60.2000000000
142.5437949025,60.2000000000
144.6171421426,60.2000000000
146.7206469127,60.2000000000
148.8547478643,60.2000000000
151.0198900291,60.2000000000
153.2165249118,60.2000000000
155.4451105846,60.2000000000
157.7061117824,60.2000000000
160.0000000000,60.2000000000
162.3272535900,60.2000000000
164.6883578630,60.2000000000
167.0838051884,60.2000000000
169.5140950975,60.2000000000
171.9797343873,60.2000000000
174.4812372264,60.2000000000
177.0191252622,60.2000000000
179.5939277295,60.2000000000
182.2061815611,60.2000000000
184.8564314996,60.2000000000
187.5452302111,60.2000000000
190.2731384004,60.2000000000
193.0407249281,60.2000000000
195.8485669287,60.2000000000
198.6972499318,60.2000000000
201.5873679832,60.2000000000
204.5195237697,60.2000000000
207.4943287442,60.2000000000
210.5124032534,60.2000000000
213.5743766672,60.2000000000
216.6808875099,60.2000000000
219.8325835933,60.2000000000
223.0301221518,60.2000000000
226.2741699797,60.2000000000
229.5654035698,60.2000000000
232.9045092548,60.2000000000
236.2921833503,60.2000000000
239.7291323003,60.2000000000
243.2160728239,60.2000000000
246.7537320653,60.2000000000
250.3428477452,60.2000000000
253.9841683149,60.2000000000
257.6784531119,60.2000000000
261.4264725186,60.2000000000
265.2290081229,60.2000000000
269.0868528812,60.2000000000
273.0008112836,60.2000000000
276.9716995220,60.2000000000
281.0003456597,60.2000000000
285.0875898049,60.2000000000
289.2342842852,60.2000000000
293.4412938255,60.2000000000
297.7094957287,60.2000000000
302.0397800581,60.2000000000
306.4330498235,60.2000000000
310.8902211692,60.2000000000
315.4122235649,60.2000000000
320.0000000000,60.2000000000
324.6545071800,60.2000000000
329.3767157259,60.2000000000
334.1676103768,60.2000000000
339.0281901950,60.2000000000
343.9594687746,60.2000000000
348.9624744529,60.2000000000
354.0382505244,60.2000000000
359.1878554590,60.2000000000
364.4123631221,60.2000000000
369.7128629991,60.2000000000
375.0904604222,60.2000000000
380.5462768009,60.2000000000
386.0814498562,60.2000000000
391.6971338575,60.2000000000
397.3944998635,60.2000000000
403.1747359664,60.2000000000
409.0390475393,60.2000000000
414.9886574883,60.2000000000
421.0248065068,60.2000000000
427.1487533344,60.2000000000
433.3617750198,60.2000000000
439.6651671866,60.2000000000
446.0602443037,60.2000000000
452.5483399594,60.2000000000
459.1308071395,60.2000000000
465.8090185095,60.2000000000
472.5843667007,60.2000000000
479.4582646005,60.2000000000
486.4321456477,60.2000000000
493.5074641306,60.2000000000
500.6856954905,60.2081643288
507.9683366298,60.2941925699
515.3569062238,60.3802208110
522.8529450372,60.4662490521
530.4580162458,60.5522772932
538.1737057624,60.6383055343
546.0016225673,60.7243337753
553.9433990439,60.8103620164
562.0006913195,60.8963902575
570.1751796098,60.9824184986
578.4685685703,61.0684467397
586.8825876510,61.1544749808
595.4189914574,61.2405032219
604.0795601163,61.3265314630
612.8660996471,61.4125597041
621.7804423383,61.4985879452
630.8244471297,61.5846161863
640.0000000000,61.6706444274
649.3090143600,61.7566726685
658.7534314519,61.8427009096
668.3352207536,61.9287291507
678.0563803900,62.0147573918
687.9189375493,62.1007856329
697.9249489058,62.1868138740
708.0765010489,62.2728421151
718.3757109180,62.3588703562
728.8247262443,62.4448985973
739.4257259983,62.5309268384
750.1809208443,62.6169550795
761.0925536018,62.7029833206
772.1628997124,62.7890115616
783.3942677150,62.8750398027
794.7889997271,62.9610680438
806.3494719327,63.0776495684
818.0780950787,63.2194878429
829.9773149767,63.3613261174
842.0496130136,63.5031643919
854.2975066688,63.6450026664
866.7235500396,63.7868409409
879.3303343732,63.9286792154
892.1204886074,64.0705174899
905.0966799188,64.2123557644
918.2616142791,64.3541940389
931.6180370190,64.4960323135
945.1687334013,64.6378705880
958.9165292011,64.7797088625
972.8642912955,64.9215471370
987.0149282611,65.0633854115
1001.3713909810,65.2052236860
1015.9366732597,65.3470619605
1030.7138124476,65.4889002350
1045.7058900743,65.6307385095
1060.9160324916,65.7725767840
1076.3474115248,65.9144150585
1092.0032451345,66.0562533330
1107.8867980879,66.1980916075
1124.0013826389,66.3399298820
1140.3503592197,66.4817681565
1156.9371371406,66.6236064310
1173.7651753020,66.7654447056
1190.8379829148,66.9072829801
1208.1591202326,67.0491212546
1225.7321992942,67.1909595291
1243.5608846767,67.3327978036
1261.6488942595,67.4746360781
1280.0000000000,67.6164743526
1298.6180287201,67.7583126271
1317.5068629037,67.9001509016
1336.6704415071,68.0419891761
1356.1127607799,68.1838274506
1375.8378750985,68.3256657251
1395.8498978116,68.4675039996
1416.1530020977,68.6093422741
1436.7514218360,68.7511805486
1457.6494524886,68.8930188231
1478.8514519966,69.0348570977
1500.3618416887,69.1766953722
1522.1851072035,69.3185336467
1544.3257994247,69.4603719212
1566.7885354300,69.6022101957
1589.5779994541,69.7440484702
1612.6989438655,69.8858867447
1636.1561901574,70.0277250192
1659.9546299533,70.1695632937
1684.0992260271,70.3114015682
1708.5950133377,70.4532398427
1733.4471000793,70.5950781172
1758.6606687464,70.7369163917
1784.2409772148,70.8787546662
1810.1933598376,71.0205929407
1836.5232285581,71.1624312152
1863.2360740381,71.3042694897
1890.3374668026,71.4461077643
1917.8330584022,71.5879460388
1945.7285825909,71.7297843133
1974.0298565222,71.8716225878
2002.7427819620,72.0135114515
2031.8733465194,72.1558827886
2061.4276248951,72.2982541258
2091.4117801487,72.4406254629
2121.8320649832,72.5829968000
2152.6948230496,72.7253681372
2184.0064902691,72.8677394743
2215.7735961758,73.0101108115
2248.0027652779,73.1524821486
2280.7007184393,73.2948534858
2313.8742742813,73.4372248229
2347.5303506040,73.5795961600
2381.6759658296,73.7219674972
2416.3182404652,73.8643388343
2451.4643985884,74.0067101715
2487.1217693533,74.1490815086
2523.2977885190,74.2407015408
2560.0000000001,74.3040646078
2597.2360574402,74.3674276747
2635.0137258074,74.4307907417
2673.3408830143,74.4941538086
2712.2255215599,74.5575168756
2751.6757501971,74.6208799425
2791.6997956232,74.6842430095
2832.3060041955,74.7476060764
2873.5028436721,74.8109691433
2915.2989049772,74.8743322103
2957.7029039931,74.9376952772
3000.7236833774,74.9990556515
3044.3702144071,74.9425175078
3088.6515988494,74.8859793641
3133.5770708600,74.8294412204
3179.1559989082,74.7729030767
3225.3978877310,74.7163649330
3272.3123803148,74.6598267893
3319.9092599067,74.6032886456
3368.1984520542,74.5467505019
3417.1900266754,74.4902123582
3466.8942001586,74.4336742145
3517.3213374928,74.3771360708
3568.4819544296,74.3205979271
3620.3867196753,74.2640597834
3673.0464571163,74.2075216397
3726.4721480761,74.1509834960
3780.6749336053,74.0944453523
3835.6661168044,74.0379072086
3891.4571651819,73.9813690649
3948.0597130445,73.9248309212
4005.4855639241,73.8682927775
4063.7466930387,73.8117546338
4122.8552497902,73.7552164901
4182.8235602974,73.6986783464
4243.6641299665,73.6421402027
4305.3896460992,73.5856020590
4368.0129805382,73.5290639153
4431.5471923516,73.4725257716
4496.0055305558,73.4159876278
4561.4014368787,73.3594494841
4627.7485485626,73.3029113404
4695.0607012081,73.2463731967
4763.3519316592,73.1898350530
4832.6364809305,73.1332969093
4902.9287971769,73.0767587656
4974.2435387067,73.0202206219
5046.5955770380,72.9605281331
5120.0000000002,72.8990793894
5194.4721148803,72.8376306458
5270.0274516149,72.7761819021
5346.6817660286,72.7147331585
5424.4510431198,72.6532844149
5503.3515003942,72.5918356712
5583.3995912463,72.5303869276
5664.6120083911,72.4689381839
5747.0056873442,72.4074894403
5830.5978099545,72.3460406967
5915.4058079863,72.2845919530
6001.4473667548,72.2231432094
6088.7404288142,72.1616944657
6177.3031976989,72.1002457221
6267.1541417201,72.0387969785
6358.3119978165,71.9773482348
6450.7957754620,71.9158994912
6544.6247606297,71.8544507475
6639.8185198134,71.7930020039
6736.3969041085,71.7315532603
6834.3800533509,71.6701045166
6933.7884003172,71.6086557730
7034.6426749857,71.5472070294
7136.9639088592,71.4857582857
7240.7734393506,71.4243095421
7346.0929142326,71.3628607984
7452.9442961523,71.3014120548
7561.3498672106,71.2399633112
7671.3322336089,71.1785145675
7782.9143303638,71.1170658239
7896.1194260890,71.0556170802
8010.9711278481,70.9815752935
8127.4933860775,70.7874325610
8245.7104995805,70.5932898285
8365.6471205948,70.3991470961
8487.3282599330,70.2050043636
8610.7792921984,70.0108616311
8736.0259610765,69.8167188986
8863.0943847033,69.6225761662
8992.0110611117,69.4284334337
9122.8028737575,69.2342907012
9255.4970971253,69.0401479688
9390.1214024162,68.8460052363
9526.7038633184,68.6518625038
9665.2729618610,68.4577197714
9805.8575943538,68.2635770389
9948.4870774134,68.0694343064
10093.1911540760,67.9130145170
10240.0000000005,67.7775978503
10388.9442297607,67.6421811836
10540.0549032298,67.5067645170
10693.3635320572,67.3713478503
10848.9020862397,67.2359311836
11006.7030007884,67.1005145170
11166.7991824927,66.9650978503
11329.2240167822,66.8296811836
11494.0113746885,66.6942645170
11661.1956199091,66.5588478503
11830.8116159726,66.4234311836
12002.8947335097,66.2880145170
12177.4808576284,66.1525978503
12354.6063953979,66.0171811836
12534.3082834402,65.8817645170
12716.6239956331,65.7463478503
12901.5915509241,65.6109311836
13089.2495212594,65.4755145170
13279.6370396270,65.3400978503
13472.7938082171,65.2046811836
13668.7601067018,65.0692645170
13867.5768006344,64.9338478503
14069.2853499715,64.7984311836
14273.9278177184,64.6630145170
14481.5468787012,64.5275978503
14692.1858284653,64.3921811836
14905.8885923047,64.2567645170
15122.6997344212,64.1213478503
15342.6644672179,63.9859311836
15565.8286607277,63.8505145170
15792.2388521781,63.7150978503
16021.9422556964,63.5796811836
16254.9867721551,63.4442645170
16491.4209991611,63.3088478503
16731.2942411897,63.1734311836
16974.6565198660,63.0380145170
17221.5585843969,62.9025978503
17472.0519221531,62.7671811836
17726.1887694067,62.6317645170
17984.0221222235,62.4963478503
18245.6057475150,62.3609311836
18510.9941942506,62.2255145170
18780.2428048326,62.0900978503
19053.4077266369,61.9546811836
19330.5459237220,61.8192645170
19611.7151887077,61.6838478503
19896.9741548268,61.5484311836