20	-6.717558346660946
20.290906698750476	-6.738847538479973
20.586044732869844	-6.760134163499255
20.885475648548283	-6.7814140408921935
21.189261887185914	-6.80268125078684
21.49746679841394	-6.823928378557361
21.810154653305165	-6.845146753568702
22.12739065777668	-6.866326679946051
22.449240966187475	-6.887457656960084
22.77577269513385	-6.908528586800053
23.107053937445478	-6.929527967804564
23.44315377638505	-6.95044407159523
23.784142300054445	-6.971265102978032
24.130090616010463	-6.991979341913135
24.481070866093134	-7.012575267283825
24.837156241469714	-7.033041662600647
25.1984209978975	-7.053367704144428
25.56494047120865	-7.073543032371698
25.936791093020236	-7.0935578076718215
26.3140504066728	-7.113402751773907
26.69679708340074	-7.133069176253065
27.08511093873791	-7.1525489996818035
27.47907294916184	-7.171834755017315
27.878765268980047	-7.190919588814443
28.284271247461966	-7.209797253813376
28.695675446220072	-7.228462096377726
29.11306365684382	-7.246909040159306
29.536522918790062	-7.265133567247914
29.966141537533712	-7.283131697933993
30.402009102982383	-7.300899970075294
30.844216508158908	-7.318435418920425
31.29285596815558	-7.335735558106776
31.74802103936409	-7.352798362420649
32.20980663898519	-7.369622252785836
32.67830906482211	-7.386206083834715
33.153626015361866	-7.4025491343138015
33.63585661014871	-7.418651100483529
34.125101410453844	-7.434512092589278
34.62146244024586	-7.450132634406374
35.12504320746613	-7.465513665794458
35.635948725613716	-7.4806565481349425
36.15428553564419	-7.495563072467638
36.68016172818701	-7.510235470087858
37.21368696608603	-7.524676425312441
37.754972507267915	-7.538889090071408
38.30413122794313	-7.5528770999315915
38.86127764614443	-7.566644591109567
39.4265279456077	-7.580196217984688
40.000000000000206	-7.593537170580202
40.58181339750116	-7.6066731914432495
41.1720894657399	-7.619610591325217
41.77095129709678	-7.632356263044983
42.37852377437204	-7.6449176929114175
42.9949335968281	-7.657302969090903
43.62030930661056	-7.669520786332366
44.25478131555359	-7.681580446508173
44.89848193237519	-7.693491854495113
45.55154539026795	-7.705265509005633
46.21410787489121	-7.716912488084746
46.88630755277036	-7.728444429110829
47.56828460010916	-7.739873503276466
48.260181232021196	-7.751212384674751
48.962141732186545	-7.76247421427355
49.674312482939705	-7.773672559220028
50.39684199579528	-7.78482136807586
51.129880942417586	-7.7959349227346815
51.873582186040764	-7.807027787913067
52.628100813345895	-7.818114759229378
53.393594166801776	-7.829210810986959
54.17022187747612	-7.840331044854729
54.95814589832399	-7.851490640684449
55.75753053796041	-7.862704810715825
56.56854249492426	-7.8739887583933745
57.39135089244048	-7.885357642949182
58.226127313687975	-7.896826550789729
59.073045837580466	-7.908410474561058
59.932283075067765	-7.920124300554047
60.804018205965114	-7.931982804852283
61.68843301631817	-7.944000658323452
62.58571193631152	-7.9561924402184045
63.49604207872855	-7.9685726597804685
64.41961327797075	-7.9811557848929935
65.35661812964459	-7.993956276419966
66.3072520307241	-8.006988626537101
67.27171322029778	-8.020267399024211
68.25020282090806	-8.033807269207253
69.2429248804921	-8.047623061012265
70.25008641493265	-8.06172977843268
71.27189745122783	-8.076142628622849
72.30857107128878	-8.09087703381755
73.36032345637442	-8.105948629341514
74.42737393217246	-8.121373245112927
75.50994501453623	-8.1371668682581
76.60826245588666	-8.153345584736096
77.72255529228926	-8.169925498216628
78.85305589121582	-8.186922624855015
80.00000000000082	-8.204352763057143
81.16362679500274	-8.22223133781709
82.34417893148023	-8.240573219732138
83.541902594194	-8.259392519345772
84.75704754874454	-8.278702358030651
85.98986719365665	-8.298514617192074
87.24061861322157	-8.318839668140692
88.50956263110764	-8.339686085543224
89.79696386475084	-8.361060347905031
91.10309078053635	-8.382966529061415
92.42821574978288	-8.405405985148752
93.77261510554118	-8.42837704198498
95.13656920021877	-8.451874688204038
96.52036246404286	-8.475890279852603
97.92428346437356	-8.500411262461137
99.34862496587989	-8.525420916835198
100.79368399159105	-8.550898134966996
102.25976188483567	-8.576817232530404
103.74716437208203	-8.60314780438437
105.25620162669229	-8.629854629358926
106.78718833360406	-8.656897630324847
108.34044375495276	-8.684231895143208
109.9162917966485	-8.711807763546645
111.51506107592134	-8.739570984314065
113.13708498984903	-8.76746294626039
114.78270178488147	-8.795420985570974
116.45225462737648	-8.8233787708672
118.14609167516147	-8.851266766099595
119.86456615013608	-8.87901276993528
121.60803641193078	-8.906542528750304
123.3768660326369	-8.93378041867214
125.17142387262359	-8.960650190367286
126.99208415745765	-8.987075768464317
128.83922655594208	-9.012982095681362
130.71323625928977	-9.038296009934488
132.61450406144883	-9.062947140992302
134.5434264405962	-9.086868811672511
136.50040564181674	-9.109998927214512
138.48584976098482	-9.132280835380174
140.50017282986593	-9.153664139107379
142.5437949024563	-9.17410544324234
144.61714214257822	-9.193569017077488
146.7206469127495	-9.212027355183778
148.8547478643456	-9.229461620396288
151.01989002907314	-9.245861954816167
153.216524911774	-9.261227647329742
155.4451105845792	-9.275567149382502
157.70611178243232	-9.288897934511553
160.00000000000236	-9.30124620132458
162.3272535900062	-9.312646424070676
164.6883578629612	-9.323140759500355
167.08380518838874	-9.332778323156798
169.51409509748981	-9.341614352365106
171.97973438731407	-9.349709276782605
174.4812372264439	-9.35712772025557
177.01912526221608	-9.363937459746461
179.5939277295025	-9.370208368150806
182.20618156107355	-9.37601136786925
184.85643149956664	-9.381417421054428
187.54523021108326	-9.386496580589121
190.27313840043846	-9.391317123195137
193.04072492808663	-9.395944782783838
195.84856692874806	-9.400442098424875
198.69724993176072	-9.404867887326196
201.58736798318304	-9.40927684917629
204.5195237696723	-9.413719304267577
207.49432874416505	-9.418241064134147
210.5124032533856	-9.422883430093924
213.57437666720915	-9.427683312141651
216.68088750990657	-9.43267345811367
219.83258359329807	-9.43788278092548
223.03012215184378	-9.443336769932415
226.2741699796992	-9.449057971034879
229.5654035697641	-9.455066518993979
232.90450925475412	-9.461380704502254
236.2921833503241	-9.468017557843433
239.72913230027333	-9.474993430469102
243.21607282386276	-9.48232455553111
246.75373206527502	-9.490027568368301
250.34284774524843	-9.49811996820304
253.9841683149166	-9.506620502917935
257.67845311188546	-9.515549459824701
261.42647251858085	-9.524928846876026
265.22900812289896	-9.534782450873802
269.08685288119375	-9.545135761948888
273.0008112836349	-9.556015756965639
276.97169952197106	-9.567450538550464
281.00034565973334	-9.579468831138431
285.0875898049141	-9.592099340719777
289.23428428515797	-9.605369990753042
293.44129382550057	-9.619307052854023
297.7094957286928	-9.633934197184713
302.0397800581479	-9.64927149372273
306.4330498235497	-9.665334401515272
310.89022116916016	-9.682132788298025
315.41222356486645	-9.699670027143782
320.00000000000654	-9.717942219732945
324.6545071800142	-9.736937597038468
329.3767157259242	-9.75663614733437
334.16761037677935	-9.777009518148633
339.02819019498156	-9.798021232827288
343.95946877463007	-9.81962725358747
348.9624744528898	-9.841776911263063
354.03825052443415	-9.864414207488485
359.187855459007	-9.88747947810254
364.4123631221491	-9.910911387565406
369.71286299913527	-9.934649203863955
375.0904604221685	-9.958635282654372
380.54627680087896	-9.982817669390304
386.08144985617537	-10.007152710230091
391.6971338574982	-10.031607548062574
397.3944998635236	-10.05616237055318
403.1747359663683	-10.080812274166648
409.0390475393468	-10.105568612980342
414.9886574883323	-10.13045971475665
421.0248065067734	-10.155530869714754
427.1487533344206	-10.180843529622955
433.3617750198154	-10.206473695333992
439.6651671865984	-10.23250951790824
446.06024430368984	-10.259048189247078
452.54833995940066	-10.28619224901818
459.13080713953053	-10.314045481205243
465.8090185095106	-10.342708611100894
472.58436670065066	-10.372275037387071
479.45826460054917	-10.402826840364732
486.432145647728	-10.434431294241048
493.50746413055253	-10.467138078695973
500.6856954904994	-10.500977335264205
507.9683366298358	-10.535958652236925
515.3569062237735	-10.57207099432846
522.8529450371643	-10.609283527426264
530.4580162458005	-10.647547230998438
538.1737057623901	-10.686797146321585
546.0016225672724	-10.726955080666466
553.9433990439449	-10.767932576757005
562.0006913194694	-10.809633962022565
570.1751796098309	-10.851959310704116
578.4685685703187	-10.894807180134418
586.8825876510039	-10.938077016514116
595.4189914573883	-10.981671161386462
604.0795601162986	-11.025496424359892
612.8660996471021	-11.069465217671086
621.780442338323	-11.113496271879617
630.8244471297356	-11.157514968029574
640.0000000000159	-11.201453329398323
649.3090143600314	-11.245249715536879
658.7534314518515	-11.288848253382326
668.3352207535618	-11.332198026087173
678.0563803899662	-11.375252021738945
687.9189375492632	-11.4179658237548
697.9249489057827	-11.460296005337565
708.0765010488715	-11.502198175265132
718.3757109180171	-11.543624614972082
728.8247262443015	-11.584521450870591
739.425725998274	-11.624825324327505
750.1809208443404	-11.664459557149225
761.0925536017613	-11.70332986415549
772.1628997123541	-11.741319736069261
783.3942677149998	-11.778285702824206
794.7889997270506	-11.814052783888167
806.34947193274	-11.848410529307078
818.0780950786972	-11.88111014022379
829.9773149766683	-11.91186321453996
842.0496130135506	-11.94034267367111
854.2975066688449	-11.966186371140138
866.7235500396347	-11.98900374717614
879.3303343732008	-12.008385667253057
892.1204886073838	-12.023917271541356
905.0966799188055	-12.035193290180821
918.2616142790653	-12.041834891871277
931.6180370190256	-12.04350679703816
945.1687334013056	-12.039933180067038
958.9165292011028	-12.03091088008435
972.8642912954606	-12.016318678659113
987.0149282611097	-11.996121875308697
1001.3713909810035	-11.970372025584387
1015.9366732596762	-11.939202379349442
1030.7138124475518	-11.902820127346109
1045.7058900743334	-11.861496910948913
1060.916032491606	-11.815559102342254
1076.3474115247852	-11.76537911258839
1092.0032451345498	-11.711368483457509
1107.8867980878947	-11.653972857957534
1124.0013826389438	-11.593668220738353
1140.350359219667	-11.530957177930878
1156.9371371406426	-11.466363627869116
1173.765175302013	-11.400424066322472
1190.837982914782	-11.333674051044916
1208.1591202326028	-11.266629052016663
1225.73219929421	-11.199759994614219
1243.5608846766518	-11.133465123958871
1261.648894259477	-11.068041130621827
1280.0000000000375	-11.00365744428527
1298.6180287200684	-10.940337877142207
1317.5068629037087	-10.877953157480638
1336.6704415071292	-10.81622636385882
1356.112760779938	-10.75475118143088
1375.8378750985323	-10.693020790016659
1395.8498978115715	-10.63046359308114
1416.153002097749	-10.566481243566052
1436.7514218360407	-10.500484569341735
1457.6494524886093	-10.431923862656388
1478.8514519965543	-10.360311265033818
1500.3618416886875	-10.285234332782522
1522.1851072035295	-10.206361056981226
1544.3257994247153	-10.123437483516645
1566.788535430007	-10.036279579897014
1589.5779994541087	-9.94476115033948
1612.6989438654878	-9.84879948321248
1636.156190157402	-9.748340122911571
1659.9546299533442	-9.643341791486446
1684.099226027109	-9.533762131137388
1708.5950133376978	-9.41954466310653
1733.4471000792773	-9.300607202303064
1758.6606687464096	-9.176831945100101
1784.2409772147755	-9.048057550253573
1810.193359837619	-8.914073727219137
1836.5232285581387	-8.774619079495183
1863.2360740380593	-8.62938315346496
1890.3374668026197	-8.478013734882373
1917.833058402214	-8.320130333760956
1945.7285825909298	-8.155344436595973
1974.0298565222283	-7.983286450756858
2002.7427819620161	-7.803638346326318
2031.8733465193618	-7.616169918740424
2061.4276248951132	-7.4207755328387535
2091.411780148677	-7.217507403034779
2121.832064983222	-7.006601160241047
2152.694823049581	-6.788489838967757
2184.0064902691106	-6.563803546203937
2215.7735961758003	-6.333353840077876
2248.002765277899	-6.098103988800308
2280.7007184393456	-5.859128444835127
2313.874274281297	-5.617566700192148
2347.530350604038	-5.374577911990735
2381.6759658295764	-5.131303152585149
2416.318240465218	-4.888841807421073
2451.4643985884327	-4.6482475364750115
2487.1217693533167	-4.410547347654845
2523.2977885189675	-4.176784681595518
2560.0000000000887	-3.9480839374921897
2597.236057440151	-3.725729605635125
2635.0137258074315	-3.5112483558071634
2673.340883014273	-3.3064776954834088
2712.225521559891	-3.1136013150471236
2751.6757501970797	-2.935130641457657
2791.699795623158	-2.7738162952327077
2832.3060041955137	-2.6324834629385427
2873.502843672097	-2.5138014739046013
2915.2989049772345	-2.4200172948549588
2957.7029039931244	-2.3526994912168027
3000.723683377391	-2.312546159210548
3044.370214407075	-2.2993018851432376
3088.6515988494466	-2.31180504135253
3133.57707086003	-2.348154902154872
3179.1559989082334	-2.40595958707948
3225.3978877309914	-2.482610524967574
3272.3123803148205	-2.5755305489381617
3319.9092599067053	-2.6823576320607474
3368.198452054235	-2.8010474840557893
3417.190026675413	-2.9298984181404837
3466.8942001585724	-3.0675161347407527
3517.3213374928373	-3.212742585707165
3568.4819544295697	-3.364572685015571
3620.386719675257	-3.5220775526922914
3673.0464571162966	-3.684345789644895
3726.472148076138	-3.850447162832507
3780.6749336052594	-4.01941746847153
3835.6661168044484	-4.190259863678366
3891.45716518188	-4.361956585114376
3948.059713044477	-4.533485286160483
4005.4855639240527	-4.70383565112809
4063.746693038744	-4.872023901796613
4122.855249790247	-5.037104759602906
4182.823560297375	-5.198181923578282
4243.664129966465	-5.354418882210783
4305.389646099183	-5.505051803786389
4368.012980538242	-5.649405439169077
4431.5471923516225	-5.786911677074632
4496.00553055582	-5.917128998695856
4561.401436878714	-6.0397600199281305
4627.748548562617	-6.1546639195202415
4695.060701208099	-6.261860982567308
4763.351931659176	-6.361527763839907
4832.63648093046	-6.453983413129169
4902.928797176889	-6.539670234869932
4974.243538706657	-6.619134129617712
5046.595577037959	-6.693012717324283
5120.000000000202	-6.762040163184581
5194.472114880326	-6.827077144442967
5270.027451614888	-6.889170505818198
5346.6817660285715	-6.949638132823308
5424.451043119808	-7.010159715909204
5503.351500394186	-7.072836131013474
5583.399591246343	-7.140166761217397
5664.612008391055	-7.214895989427354
5747.005687344222	-7.299706435451241
5830.597809954497	-7.396788114471389
5915.405807986278	-7.507374004049357
6001.447366754812	-7.631369630618198
6088.740428814181	-7.767182468978194
6177.303197698925	-7.911772890371599
6267.154141720092	-8.060847991426039
6358.3119978165005	-8.209073288952553
6450.795775462017	-8.350226475194653
6544.624760629676	-8.47734000571223
6639.818519813445	-8.58299734587919
6736.396904108505	-8.65996891663786
6834.380053350861	-8.702248807126155
6933.788400317181	-8.706323210363191
7034.642674985712	-8.672296755099344
7136.963908859177	-8.604468608286368
7240.773439350552	-8.511131889091502
7346.092914232631	-8.403660193118622
7452.944296152315	-8.295165961618427
7561.349867210557	-8.19906527384605
7671.332233608935	-8.127793337343183
7782.914330363799	-8.091783132208667
7896.119426088994	-8.098729118406316
8010.971127848146	-8.153136022618527
8127.49338607753	-8.256167702701681
8245.710499580537	-8.405813635988318
8365.647120594791	-8.597359280020374
8487.328259932974	-8.824094902354057
8610.77929219841	-9.078159339708513
8736.025961076528	-9.351417328975275
8863.094384703289	-9.636311316718247
8992.011061111683	-9.9266849023515
9122.802873757471	-10.218606773442007
9255.497097125279	-10.511202508655076
9390.121402416245	-10.80742773588518
9526.7038633184	-11.114611680968713
9665.272961860968	-11.444496876434647
9805.857594353829	-11.812438069407438
9948.487077413367	-12.235465981323033
10093.19115407597	-12.729142768109757
10240.000000000457	-13.30353428540874
10388.944229760706	-13.959081916324067
10540.05490322983	-14.683508039643673
10693.363532057198	-15.450935536820966
10848.902086239672	-16.223933426128216
11006.703000788428	-16.958220826803572
11166.799182492743	-17.60868832887393
11329.224016782166	-18.1348694088831
11494.0113746885	-18.50440593821309
11661.195619909053	-18.694220273647208
11830.811615972614	-18.690348078681385
12002.894733509682	-18.487988178343393
12177.48085762842	-18.09297425346143
12354.606395397908	-17.52461794408202
12534.308283440243	-16.818255869502142
12716.62399563306	-16.025038784602902
12901.591550924093	-15.207462120485028
13089.249521259411	-14.431108179455634
13279.637039626952	-13.754684746025406
13472.793808217073	-13.221034644370743
13668.760106701786	-12.851474072743216
13867.576800634426	-12.644899282995185
14069.285349971487	-12.581611569259701
14273.927817718419	-12.629988359197803
14481.54687870117	-12.753121914079387
14692.18582846533	-12.91369370734233
14905.888592304698	-13.077721448041345
15122.699734421185	-13.21854924555013
15342.664467217943	-13.321207732237033
15565.828660727671	-13.386343679683682
15792.238852178061	-13.432600736475466
16021.942255696367	-13.495931920090747
16254.986772155136	-13.624383713862088
16491.42099916115	-13.868104814434572
16731.294241189662	-14.26661644907388
16974.65651986603	-14.837489784135204
17221.558584396902	-15.57040598437884
17472.051922153143	-16.428464092601818
17726.188769406665	-17.356589712516975
17984.022122223458	-18.295036201019318
18245.605747515034	-19.193558048185942
18510.99419425065	-20.019582775798575
18780.242804832582	-20.75537521032233
19053.40772663689	-21.388316743309726
19330.545923722028	-21.908322321759183
19611.71518870775	-22.319156116825557
19896.974154826825	-22.64864502841998
20186.382308152035	-22.9395346547556