20	66.00716101358401
20.290906698750476	66.0150816103975
20.586044732869844	66.023007292856
20.885475648548283	66.03093107949464
21.189261887185914	66.03883340403931
21.49746679841394	66.04668481649605
21.810154653305165	66.05444914874883
22.12739065777668	66.06208721699457
22.449240966187475	66.06956114653582
22.77577269513385	66.07683810514845
23.107053937445478	66.08388956896574
23.44315377638505	66.09068997190539
23.784142300054445	66.09721619606269
24.130090616010463	66.1034480154784
24.481070866093134	66.10936957673715
24.837156241469714	66.11497199471845
25.1984209978975	66.12025649095474
25.56494047120865	66.12523481459988
25.936791093020236	66.12992472637136
26.3140504066728	66.13434525398516
26.69679708340074	66.13851309384097
27.08511093873791	66.14244017235181
27.47907294916184	66.14613238181379
27.878765268980047	66.1495895064501
28.284271247461966	66.15280681753408
28.695675446220072	66.15577975666478
29.11306365684382	66.15851041497606
29.536522918790062	66.16101535312569
29.966141537533712	66.1633347624748
30.402009102982383	66.16553663135062
30.844216508158908	66.16769167128261
31.29285596815558	66.16983407487399
31.74802103936409	66.1719660259911
32.20980663898519	66.17407718486682
32.67830906482211	66.17616439133292
33.153626015361866	66.17823698707214
33.63585661014871	66.18028501866401
34.125101410453844	66.18225625672952
34.62146244024586	66.18407117685389
35.12504320746613	66.18564779577632
35.635948725613716	66.1869252495958
36.15428553564419	66.18787443243869
36.68016172818701	66.18849087118038
37.21368696608603	66.18878426581756
37.754972507267915	66.18876868068149
38.30413122794313	66.18845370190333
38.86127764614443	66.18783848039229
39.4265279456077	66.18691034050002
40.000000000000206	66.18564496507264
40.58181339750116	66.18400727603564
41.1720894657399	66.18195302980767
41.77095129709678	66.17943116459358
42.37852377437204	66.17638694947594
42.9949335968281	66.1727656803187
43.62030930661056	66.16851530492204
44.25478131555359	66.16358674853954
44.89848193237519	66.15793445014219
45.55154539026795	66.15151789135345
46.21410787489121	66.14430318811279
46.88630755277036	66.13626086013006
47.56828460010916	66.12735986629407
48.260181232021196	66.11756214796063
48.962141732186545	66.10682041712447
49.674312482939705	66.09507863975817
50.39684199579528	66.08227353383585
51.129880942417586	66.06833494728279
51.873582186040764	66.05318484443826
52.628100813345895	66.03673728445311
53.393594166801776	66.01890070761559
54.17022187747612	65.99958146553487
54.95814589832399	65.97868523624358
55.75753053796041	65.95611559997202
56.56854249492426	65.93177864002732
57.39135089244048	65.90559608046532
58.226127313687975	65.87751659636508
59.073045837580466	65.84750668777686
59.932283075067765	65.8155364626603
60.804018205965114	65.78157290162025
61.68843301631817	65.74558433158366
62.58571193631152	65.70754826182869
63.49604207872855	65.66745277077418
64.41961327797075	65.6252826708349
65.35661812964459	65.58101078997089
66.3072520307241	65.53457830267583
67.27171322029778	65.48591592152623
68.25020282090806	65.43496182589553
69.2429248804921	65.3816560096719
70.25008641493265	65.3259276433384
71.27189745122783	65.26767895876336
72.30857107128878	65.20681502784393
73.36032345637442	65.14328314676862
74.42737393217246	65.07705410289869
75.50994501453623	65.00810614210437
76.60826245588666	64.93641616928794
77.72255529228926	64.8619883857038
78.85305589121582	64.78487588105017
80.00000000000082	64.70513672040158
81.16362679500274	64.62281684598078
82.34417893148023	64.53795542713608
83.541902594194	64.45057585917868
84.75704754874454	64.36073600693499
85.98986719365665	64.268518043345
87.24061861322157	64.17401714073156
88.50956263110764	64.07733958193211
89.79696386475084	63.978614671964195
91.10309078053635	63.87801758662084
92.42821574978288	63.77574139248091
93.77261510554118	63.67195590539408
95.13656920021877	63.566801650378345
96.52036246404286	63.46041074597317
97.92428346437356	63.35294695310503
99.34862496587989	63.2445575237113
100.79368399159105	63.13537315215706
102.25976188483567	63.025519775835825
103.74716437208203	62.915112065921036
105.25620162669229	62.80428546111521
106.78718833360406	62.69318545310066
108.34044375495276	62.5819581832172
109.9162917966485	62.47074510526795
111.51506107592134	62.35972166644284
113.13708498984903	62.24913029697257
114.78270178488147	62.13921925385705
116.45225462737648	62.03022604953744
118.14609167516147	61.92234244762751
119.86456615013608	61.8157286112033
121.60803641193078	61.71056783705943
123.3768660326369	61.60705255672434
125.17142387262359	61.50538461179862
126.99208415745765	61.405774698029255
128.83922655594208	61.308423399774526
130.71323625928977	61.2135302400621
132.61450406144883	61.121245015255795
134.5434264405962	61.03164753825973
136.50040564181674	60.94476123299597
138.48584976098482	60.86062417798375
140.50017282986593	60.779340058994066
142.5437949024563	60.70101697838855
144.61714214257822	60.62571983796635
146.7206469127495	60.55345018170313
148.8547478643456	60.48419157819035
151.01989002907314	60.41794426421288
153.216524911774	60.35468383173554
155.4451105845792	60.29436410782017
157.70611178243232	60.2369351971054
160.00000000000236	60.18236876288165
162.3272535900062	60.130678225131945
164.6883578629612	60.08190178222149
167.08380518838874	60.03607346678496
169.51409509748981	59.993194956697124
171.97973438731407	59.95320208947725
174.4812372264439	59.91601672047432
177.01912526221608	59.88159733341076
179.5939277295025	59.849916408599206
182.20618156107355	59.820934641214336
184.85643149956664	59.794561975863054
187.54523021108326	59.770664752059886
190.27313840043846	59.74909429451455
193.04072492808663	59.72969679043185
195.84856692874806	59.712294706680666
198.69724993176072	59.6966882107738
201.58736798318304	59.682673315904985
204.5195237696723	59.67005454312775
207.49432874416505	59.658650609858995
210.5124032533856	59.648303881323585
213.57437666720915	59.63888688733206
216.68088750990657	59.63030051959758
219.83258359329807	59.62246313703274
223.03012215184378	59.61529053754517
226.2741699796992	59.608674932988905
229.5654035697641	59.6024907701259
232.90450925475412	59.59661318188747
236.2921833503241	59.59093309497361
239.72913230027333	59.58536647406133
243.21607282386276	59.57985799545499
246.75373206527502	59.57437938521102
250.34284774524843	59.56892257404755
253.9841683149166	59.56348832707815
257.67845311188546	59.55807645750181
261.42647251858085	59.55268899057817
265.22900812289896	59.54733348551935
269.08685288119375	59.54202236152844
273.0008112836349	59.53676843752333
276.97169952197106	59.5315773953568
281.00034565973334	59.52643635940571
285.0875898049141	59.52129999495412
289.23428428515797	59.516089859911105
293.44129382550057	59.51073110604176
297.7094957286928	59.50517686729003
302.0397800581479	59.499388820512685
306.4330498235497	59.493304902900086
310.89022116916016	59.48681635315933
315.41222356486645	59.47979616073256
320.00000000000654	59.472146025983776
324.6545071800142	59.46381208286417
329.3767157259242	59.45478716932337
334.16761037677935	59.445091041962314
339.02819019498156	59.43474327090605
343.95946877463007	59.42375284465067
348.9624744528898	59.412162313181256
354.03825052443415	59.400063882708984
359.187855459007	59.38756075703083
364.4123631221491	59.374717999916584
369.71286299913527	59.3615341932636
375.0904604221685	59.34798685742765
380.54627680087896	59.33406668114974
386.08144985617537	59.31975036563981
391.6971338574982	59.30496350299698
397.3944998635236	59.289568114885746
403.1747359663683	59.27342966084865
409.0390475393468	59.25648440685332
414.9886574883323	59.23872360573485
421.0248065067734	59.22016586598032
427.1487533344206	59.200841707863304
433.3617750198154	59.180787470036556
439.6651671865984	59.160033732103585
446.06024430368984	59.13858356390564
452.54833995940066	59.11639721489913
459.13080713953053	59.09338777260781
465.8090185095106	59.06942797664105
472.58436670065066	59.04436865007589
479.45826460054917	59.01806951221183
486.432145647728	58.99044337402917
493.50746413055253	58.96149804218836
500.6856954904994	58.9313216537439
507.9683366298358	58.900046438392145
515.3569062237735	58.86781807138419
522.8529450371643	58.83477408227432
530.4580162458005	58.8010309523841
538.1737057623901	58.766679765572185
546.0016225672724	58.73179059365788
553.9433990439449	58.69642304835631
562.0006913194694	58.6606313070655
570.1751796098309	58.62446414223686
578.4685685703187	58.58797268664401
586.8825876510039	58.55123018513941
595.4189914573883	58.51435711827246
604.0795601162986	58.4775163872171
612.8660996471021	58.4408651119152
621.780442338323	58.40451403695419
630.8244471297356	58.36853590778291
640.0000000000159	58.33300294335403
649.3090143600314	58.29801725577108
658.7534314518515	58.263650067602725
668.3352207535618	58.22986145421054
678.0563803899662	58.196559093940174
687.9189375492632	58.16370013387198
697.9249489057827	58.13132788622066
708.0765010488715	58.099457911955035
718.3757109180171	58.0680277890616
728.8247262443015	58.036945726877
739.425725998274	58.00623907735842
750.1809208443404	57.97614663433703
761.0925536017613	57.94697046447834
772.1628997123541	57.91897200377297
783.3942677149998	57.892257008273766
794.7889997270506	57.86695274372666
806.34947193274	57.84339563860338
818.0780950786972	57.8219345046509
829.9773149766683	57.802857223795236
842.0496130135506	57.78638671312661
854.2975066688449	57.77278697559719
866.7235500396347	57.762537737389366
879.3303343732008	57.756265432716745
892.1204886073838	57.75447523611461
905.0966799188055	57.75749862915967
918.2616142790653	57.76560195221479
931.6180370190256	57.77910563055305
945.1687334013056	57.798399867794856
958.9165292011028	57.82381781406725
972.8642912954606	57.85546058013563
987.0149282611097	57.89332161593448
1001.3713909810035	57.93740686543437
1015.9366732596762	57.987683984328456
1030.7138124475518	58.043857717640414
1045.7058900743334	58.10521573341554
1060.916032491606	58.17098240275617
1076.3474115247852	58.24059685735551
1092.0032451345498	58.313583573813204
1107.8867980878947	58.38925116821127
1124.0013826389438	58.46669404940806
1140.350359219667	58.544915427560966
1156.9371371406426	58.62321915347952
1173.765175302013	58.70111377906188
1190.837982914782	58.7781621631246
1208.1591202326028	58.85418659257345
1225.73219929421	58.929166660991605
1243.5608846766518	59.003315123181025
1261.648894259477	59.07655048145586
1280.0000000000375	59.14859142051693
1298.6180287200684	59.21928421974867
1317.5068629037087	59.28894396681344
1336.6704415071292	59.35805531996107
1356.112760779938	59.42666317001362
1375.8378750985323	59.494527346976554
1395.8498978115715	59.56182636417144
1416.153002097749	59.62934072277833
1436.7514218360407	59.698361615894086
1457.6494524886093	59.770065189541256
1478.8514519965543	59.84514021829007
1500.3618416886875	59.92401851641774
1522.1851072035295	60.00699058037641
1544.3257994247153	60.09509000088861
1566.788535430007	60.189058459276914
1589.5779994541087	60.28844611802312
1612.6989438654878	60.39266202284888
1636.156190157402	60.50177986627571
1659.9546299533442	60.616615381086234
1684.099226027109	60.7376141724123
1708.5950133376978	60.86407762735725
1733.4471000792773	60.99585245266167
1758.6606687464096	61.13371097954893
1784.2409772147755	61.27886775891194
1810.193359837619	61.4317849631198
1836.5232285581387	61.59165085656644
1863.2360740380593	61.758002039038665
1890.3374668026197	61.93177486571137
1917.833058402214	62.11468744281182
1945.7285825909298	62.30727909060036
1974.0298565222283	62.50891822109405
2002.7427819620161	62.71899968465892
2031.8733465193618	62.93761248722834
2061.4276248951132	63.16447742180664
2091.411780148677	63.397793476858354
2121.832064983222	63.63571911725325
2152.694823049581	63.87649868796577
2184.0064902691106	64.11794902807074
2215.7735961758003	64.35701688378454
2248.002765277899	64.59193779578764
2280.7007184393456	64.82236533879275
2313.874274281297	65.04682986688653
2347.530350604038	65.2642715658072
2381.6759658295764	65.47483103926808
2416.318240465218	65.6803812371456
2451.4643985884327	65.88078143533245
2487.1217693533167	66.074091991731
2523.2977885189675	66.25856284510039
2560.0000000000887	66.43371617129345
2597.236057440151	66.59884890051197
2635.0137258074315	66.75294363561916
2673.340883014273	66.89531342352863
2712.225521559891	67.02542741988604
2751.6757501970797	67.1426032654958
2791.699795623158	67.24567015460933
2832.3060041955137	67.33309198912232
2873.502843672097	67.4030099199649
2915.2989049772345	67.45278957743903
2957.7029039931244	67.47958569687758
3000.723683377391	67.48154566717689
3044.370214407075	67.45738236013364
3088.6515988494466	67.40669207344598
3133.57707086003	67.3306692325296
3179.1559989082334	67.23088262174979
3225.3978877309914	67.10901430111689
3272.3123803148205	66.96889672917497
3319.9092599067053	66.81536079624398
3368.198452054235	66.65040575885187
3417.190026675413	66.47281837420694
3466.8942001585724	66.281517154125
3517.3213374928373	66.07736441306311
3568.4819544295697	65.86130901318906
3620.386719675257	65.63401461728715
3673.0464571162966	65.3988693648
3726.472148076138	65.1616141683302
3780.6749336052594	64.92506084613076
3835.6661168044484	64.68664141159404
3891.45716518188	64.44752159544478
3948.059713044477	64.21195419818385
4005.4855639240527	63.98199501802838
4063.746693038744	63.75576715163041
4122.855249790247	63.53664125722329
4182.823560297375	63.32860839677393
4243.664129966465	63.12899219824451
4305.389646099183	62.93486052404314
4368.012980538242	62.74814758839619
4431.5471923516225	62.56915238756292
4496.00553055582	62.394570790562035
4561.401436878714	62.22168669052453
4627.748548562617	62.0526364632062
4695.060701208099	61.88949131610025
4763.351931659176	61.73262736326655
4832.63648093046	61.580055550994736
4902.928797176889	61.43033922396398
4974.243538706657	61.28894120877005
5046.595577037959	61.16208333440087
5120.000000000202	61.05306841009365
5194.472114880326	60.957971564250656
5270.027451614888	60.87475755032895
5346.6817660285715	60.80526146146639
5424.451043119808	60.753114748392846
5503.351500394186	60.71534706063194
5583.399591246343	60.68454537534291
5664.612008391055	60.657478405588066
5747.005687344222	60.63045896713025
5830.597809954497	60.59725108730829
5915.405807986278	60.549270311473855
6001.447366754812	60.48449004033653
6088.740428814181	60.4082475530544
6177.303197698925	60.32604208235862
6267.154141720092	60.243788600649566
6358.3119978165005	60.16209471063313
6450.795775462017	60.08253551525618
6544.624760629676	60.01135065372013
6639.818519813445	59.95693168915472
6736.396904108505	59.92602295290326
6834.380053350861	59.92511424936345
6933.788400317181	59.96014469721205
7034.642674985712	60.03286833098674
7136.963908859177	60.136843283174734
7240.773439350552	60.260480846661615
7346.092914232631	60.38926155732877
7452.944296152315	60.508029848855834
7561.349867210557	60.606343293854856
7671.332233608935	60.67404227388022
7782.914330363799	60.702491978165696
7896.119426088994	60.688795357597556
8010.971127848146	60.63247262598407
8127.49338607753	60.52881507031269
8245.710499580537	60.39127041025384
8365.647120594791	60.23078255407243
8487.328259932974	60.04717591089592
8610.77929219841	59.84094175980043
8736.025961076528	59.61427469343408
8863.094384703289	59.377294658130616
8992.011061111683	59.13664352294039
9122.802873757471	58.88992608456154
9255.497097125279	58.62690899017605
9390.121402416245	58.333719720360605
9526.7038633184	58.00285693041288
9665.272961860968	57.63975024415879
9805.857594353829	57.23639322878752
9948.487077413367	56.78114562658218
10093.19115407597	56.25427331324091
10240.000000000457	55.64203095986576
10388.944229760706	54.94640926490875
10540.05490322983	54.180942167197486
10693.363532057198	53.37872293318179
10848.902086239672	52.58470972975978
11006.703000788428	51.86126140897784
11166.799182492743	51.261785137995204
11329.224016782166	50.81719334114991
11494.0113746885	50.550959074489136
11661.195619909053	50.46994869259544
11830.811615972614	50.56471971002467
12002.894733509682	50.84201605983832
12177.48085762842	51.308900924442455
12354.606395397908	51.950870366351474
12534.308283440243	52.70483287414535
12716.62399563306	53.51447201622937
12901.591550924093	54.33108522153736
13089.249521259411	55.09526473736895
13279.637039626952	55.74352606036463
13472.793808217073	56.24928186529732
13668.760106701786	56.61690430061581
13867.576800634426	56.84088717805849
14069.285349971487	56.92453730675863
14273.927817718419	56.92178161956229
14481.54687870117	56.881359358476075
14692.18582846533	56.82973548196825
14905.888592304698	56.7777943308214
15122.699734421185	56.735570699541476
15342.664467217943	56.71601305668831
15565.828660727671	56.71691307445198
15792.238852178061	56.71440757680299
16021.942255696367	56.676610952883685
16254.986772155136	56.57907443105531
16491.42099916115	56.38069944195282
16731.294241189662	56.020254105498935
16974.65651986603	55.45984419768327
17221.558584396902	54.73808288506965
17472.051922153143	53.90489576269162
17726.188769406665	52.98550092107326
17984.022122223458	52.0313324039757
18245.605747515034	51.17512522961636
18510.99419425065	50.44887658491365
18780.242804832582	49.78456672287868
19053.40772663689	49.23299526437116
19330.545923722028	48.88961938736363
19611.71518870775	48.610329048693394
19896.974154826825	48.24778481407243
20186.382308152035	47.81462830891964